1 -142.087 160.024
2 -142.246 159.933
3 -142.377 159.807
4 -142.479 159.656
5 -142.55 159.495
6 -142.585 159.334
7 -142.575 159.176
8 -142.516 159.023
9 -142.407 158.872
10 -142.257 158.722
11 -142.079 158.574
12 -141.894 158.433
13 -141.722 158.307
14 -141.584 158.204
15 -141.495 158.133
16 -141.463 158.096
17 -141.492 158.091
18 -141.581 158.109
19 -141.725 158.136
20 -141.917 158.156
21 -142.15 158.154
22 -142.418 158.123
23 -142.719 158.062
24 -143.058 157.982
25 -143.44 157.896
26 -143.872 157.822
27 -144.358 157.776
28 -144.892 157.764
29 -145.461 157.781
30 -146.043 157.816
31 -146.612 157.853
32 -147.144 157.875
33 -147.626 157.878
34 -148.053 157.862
35 -148.427 157.841
36 -148.755 157.828
37 -149.042 157.836
38 -149.29 157.87
39 -149.495 157.925
40 -149.648 157.99
41 -149.737 158.054
42 -149.753 158.11
43 -149.689 158.159
44 -149.545 158.213
45 -149.327 158.291
46 -149.047 158.415
47 -148.724 158.606
48 -148.384 158.877
49 -148.056 159.235
50 -147.764 159.677
51 -147.531 160.191
52 -147.365 160.762
53 -147.268 161.371
54 -147.233 161.997
55 -147.249 162.626
56 -147.307 163.246
57 -147.401 163.851
58 -147.527 164.436
59 -147.681 164.997
60 -147.859 165.526
61 -148.053 166.015
62 -148.253 166.453
63 -148.449 166.829
64 -148.631 167.137
65 -148.792 167.377
66 -148.934 167.556
67 -149.061 167.688
68 -149.179 167.783
69 -149.298 167.851
70 -149.422 167.894
71 -149.556 167.908
72 -149.702 167.886
73 -149.861 167.821
74 -150.037 167.711
75 -150.235 167.555
76 -150.458 167.357
77 -150.71 167.12
78 -150.991 166.849
79 -151.299 166.549
80 -151.628 166.225
81 -151.973 165.882
82 -152.326 165.529
83 -152.677 165.173
84 -153.014 164.825
85 -153.323 164.493
86 -153.585 164.182
87 -153.782 163.898
88 -153.899 163.643
89 -153.929 163.415
90 -153.87 163.216
91 -153.724 163.046
92 -153.492 162.908
93 -153.17 162.807
94 -152.748 162.746
95 -152.211 162.724
96 -151.545 162.738
97 -150.739 162.772
98 -149.788 162.806
99 -148.696 162.817
100 -147.472 162.779
101 -146.133 162.676
102 -144.697 162.502
103 -143.187 162.26
104 -141.632 161.964
105 -140.066 161.633
106 -138.531 161.286
107 -137.074 160.945
108 -135.748 160.622
109 -134.6 160.329
110 -133.671 160.072
111 -132.994 159.857
112 -132.592 159.689
113 -132.482 159.58
114 -132.678 159.547
115 -133.176 159.605
116 -133.955 159.767
117 -134.969 160.034
118 -136.156 160.392
119 -137.445 160.818
120 -138.764 161.279
121 -140.057 161.744
122 -141.282 162.19
123 -142.408 162.611
124 -143.41 163.013
125 -144.26 163.413
126 -144.926 163.835
127 -145.376 164.299
128 -145.585 164.814
129 -145.542 165.382
130 -145.251 165.994
131 -144.733 166.634
132 -144.01 167.288
133 -143.112 167.943
134 -142.069 168.593
135 -140.915 169.233
136 -139.689 169.862
137 -138.433 170.476
138 -137.186 171.065
139 -135.98 171.614
140 -134.831 172.099
141 -133.745 172.494
142 -132.719 172.775
143 -131.757 172.922
144 -130.869 172.931
145 -130.085 172.812
146 -129.442 172.594
147 -128.984 172.313
148 -128.741 172.01
149 -128.726 171.721
150 -128.927 171.466
151 -129.314 171.256
152 -129.845 171.086
153 -130.479 170.952
154 -131.176 170.848
155 -131.905 170.773
156 -132.642 170.729
157 -133.367 170.721
158 -134.061 170.748
159 -134.712 170.805
160 -135.306 170.882
161 -135.83 170.965
162 -136.269 171.035
163 -136.605 171.075
164 -136.815 171.065
165 -136.88 170.991
166 -136.784 170.838
167 -136.521 170.602
168 -136.105 170.285
169 -135.564 169.896
170 -134.937 169.453
171 -134.27 168.979
172 -133.603 168.494
173 -132.966 168.014
174 -132.38 167.545
175 -131.853 167.089
176 -131.389 166.643
177 -130.988 166.206
178 -130.647 165.78
179 -130.365 165.371
180 -130.138 164.987
181 -129.961 164.634
182 -129.827 164.317
183 -129.73 164.042
184 -129.659 163.813
185 -129.603 163.635
186 -129.547 163.513
187 -129.47 163.453
188 -129.352 163.458
189 -129.168 163.528
190 -128.902 163.66
191 -128.545 163.85
192 -128.102 164.099
193 -127.587 164.408
194 -127.023 164.781
195 -126.429 165.215
196 -125.816 165.698
197 -125.186 166.21
198 -124.527 166.725
199 -123.828 167.217
200 -123.076 167.668
201 -122.271 168.067
202 -121.43 168.409
203 -120.588 168.698
204 -119.794 168.934
205 -119.108 169.115
206 -118.587 169.227
207 -118.268 169.252
208 -118.161 169.168
209 -118.247 168.958
210 -118.484 168.617
211 -118.82 168.151
212 -119.212 167.582
213 -119.631 166.941
214 -120.067 166.269
215 -120.529 165.607
216 -121.029 164.993
217 -121.578 164.458
218 -122.172 164.019
219 -122.793 163.68
220 -123.407 163.435
221 -123.975 163.273
222 -124.459 163.18
223 -124.829 163.148
224 -125.067 163.176
225 -125.17 163.267
226 -125.152 163.426
227 -125.033 163.656
228 -124.84 163.95
229 -124.595 164.288
230 -124.317 164.645
231 -124.017 164.988
232 -123.699 165.292
233 -123.368 165.538
234 -123.033 165.715
235 -122.707 165.82
236 -122.41 165.852
237 -122.165 165.813
238 -121.997 165.706
239 -121.925 165.534
240 -121.963 165.306
241 -122.113 165.031
242 -122.364 164.719
243 -122.695 164.376
244 -123.073 164.004
245 -123.463 163.598
246 -123.83 163.147
247 -124.149 162.641
248 -124.407 162.07
249 -124.603 161.432
250 -124.748 160.73
251 -124.855 159.976
252 -124.941 159.191
253 -125.017 158.401
254 -125.087 157.63
255 -125.15 156.902
256 -125.199 156.234
257 -125.224 155.636
258 -125.217 155.104
259 -125.173 154.632
260 -125.098 154.21
261 -125.005 153.834
262 -124.918 153.512
263 -124.863 153.256
264 -124.864 153.085
265 -124.938 153.009
266 -125.088 153.024
267 -125.302 153.111
268 -125.564 153.233
269 -125.857 153.348
270 -126.169 153.421
271 -126.504 153.428
272 -126.874 153.368
273 -127.302 153.256
274 -127.811 153.122
275 -128.416 152.998
276 -129.117 152.913
277 -129.891 152.884
278 -130.699 152.914
279 -131.49 152.995
280 -132.207 153.11
281 -132.797 153.241
282 -133.222 153.378
283 -133.457 153.52
284 -133.498 153.682
285 -133.359 153.884
286 -133.072 154.15
287 -132.675 154.493
288 -132.206 154.909
289 -131.689 155.372
290 -131.134 155.837
291 -130.539 156.253
292 -129.901 156.576
293 -129.221 156.775
294 -128.52 156.843
295 -127.835 156.793
296 -127.218 156.656
297 -126.724 156.465
298 -126.405 156.251
299 -126.298 156.032
300 -126.417 155.812
301 -126.757 155.583
302 -127.295 155.334
303 -128.004 155.055
304 -128.852 154.744
305 -129.81 154.415
306 -130.85 154.089
307 -131.952 153.797
308 -133.097 153.564
309 -134.271 153.408
310 -135.458 153.332
311 -136.635 153.322
312 -137.774 153.354
313 -138.84 153.405
314 -139.797 153.453
315 -140.615 153.486
316 -141.275 153.499
317 -141.771 153.493
318 -142.114 153.471
319 -142.325 153.437
320 -142.432 153.397
321 -142.459 153.352
322 -142.427 153.305
323 -142.345 153.252
324 -142.217 153.187
325 -142.048 153.101
326 -141.849 152.981
327 -141.638 152.819
328 -141.435 152.609
329 -141.263 152.352
330 -141.141 152.053
331 -141.084 151.721
332 -141.104 151.365
333 -141.209 150.991
334 -141.404 150.598
335 -141.687 150.187
336 -142.047 149.752
337 -142.468 149.288
338 -142.931 148.791
339 -143.417 148.257
340 -143.912 147.691
341 -144.412 147.099
342 -144.924 146.497
343 -145.452 145.903
344 -145.998 145.339
345 -146.556 144.825
346 -147.113 144.372
347 -147.656 143.987
348 -148.172 143.666
349 -148.656 143.404
350 -149.107 143.19
351 -149.525 143.023
352 -149.912 142.906
353 -150.267 142.849
354 -150.587 142.867
355 -150.866 142.967
356 -151.098 143.142
357 -151.271 143.369
358 -151.375 143.61
359 -151.398 143.821
360 -151.334 143.965
361 -151.187 144.019
362 -150.975 143.98
363 -150.73 143.866
364 -150.498 143.707
365 -150.328 143.539
366 -150.266 143.398
367 -150.343 143.306
368 -150.571 143.275
369 -150.942 143.304
370 -151.436 143.381
371 -152.023 143.49
372 -152.674 143.618
373 -153.36 143.756
374 -154.056 143.908
375 -154.738 144.086
376 -155.385 144.312
377 -155.974 144.606
378 -156.482 144.978
379 -156.889 145.422
380 -157.171 145.918
381 -157.311 146.435
382 -157.298 146.943
383 -157.128 147.42
384 -156.808 147.858
385 -156.362 148.263
386 -155.822 148.653
387 -155.236 149.048
388 -154.653 149.457
389 -154.122 149.883
390 -153.68 150.311
391 -153.352 150.721
392 -153.142 151.09
393 -153.043 151.397
394 -153.039 151.628
395 -153.108 151.77
396 -153.231 151.816
397 -153.392 151.762
398 -153.578 151.611
399 -153.782 151.368
400 -153.998 151.049
401 -154.223 150.672
402 -154.454 150.257
403 -154.686 149.827
404 -154.914 149.401
405 -155.128 148.995
406 -155.319 148.623
407 -155.476 148.298
408 -155.59 148.028
409 -155.658 147.82
410 -155.681 147.676
411 -155.665 147.598
412 -155.621 147.589
413 -155.559 147.653
414 -155.487 147.796
415 -155.406 148.023
416 -155.311 148.335
417 -155.19 148.725
418 -155.028 149.176
419 -154.81 149.666
420 -154.528 150.17
421 -154.183 150.673
422 -153.786 151.166
423 -153.361 151.654
424 -152.94 152.152
425 -152.564 152.674
426 -152.268 153.23
427 -152.083 153.817
428 -152.023 154.422
429 -152.085 155.018
430 -152.25 155.576
431 -152.49 156.071
432 -152.772 156.486
433 -153.07 156.813
434 -153.361 157.059
435 -153.63 157.237
436 -153.867 157.366
437 -154.059 157.461
438 -154.195 157.536
439 -154.259 157.595
440 -154.238 157.638
441 -154.12 157.66
442 -153.9 157.66
443 -153.584 157.643
444 -153.183 157.624
445 -152.721 157.631
446 -152.229 157.696
447 -151.735 157.854
448 -151.266 158.129
449 -150.839 158.53
450 -150.456 159.05
451 -150.11 159.663
452 -149.784 160.338
453 -149.46 161.044
454 -149.121 161.758
455 -148.759 162.464
456 -148.372 163.155
457 -147.971 163.828
458 -147.57 164.482
459 -147.188 165.112
460 -146.842 165.715
461 -146.543 166.283
462 -146.298 166.808
463 -146.106 167.282
464 -145.962 167.691
465 -145.859 168.022
466 -145.793 168.256
467 -145.765 168.375
468 -145.78 168.367
469 -145.843 168.231
470 -145.961 167.978
471 -146.131 167.629
472 -146.345 167.21
473 -146.582 166.74
474 -146.819 166.233
475 -147.026 165.695
476 -147.175 165.126
477 -147.245 164.527
478 -147.221 163.901
479 -147.098 163.255
480 -146.88 162.601
481 -146.576 161.959
482 -146.202 161.351
483 -145.777 160.801
484 -145.323 160.329
485 -144.86 159.951
486 -144.405 159.672
487 -143.972 159.489
488 -143.568 159.391
489 -143.195 159.362
490 -142.853 159.391
491 -142.544 159.469
492 -142.27 159.597
493 -142.032 159.779
494 -141.833 160.019
495 -141.666 160.314
496 -141.519 160.651
497 -141.374 161.005
498 -141.206 161.348
499 -140.993 161.65
500 -140.718 161.888
501 -140.375 162.054
502 -139.971 162.151
503 -139.53 162.197
504 -139.083 162.215
505 -138.669 162.23
506 -138.326 162.26
507 -138.077 162.314
508 -137.934 162.388
509 -137.891 162.471
510 -137.93 162.546
511 -138.028 162.601
512 -138.162 162.632
513 -138.315 162.646
514 -138.475 162.661
515 -138.635 162.705
516 -138.788 162.804
517 -138.922 162.975
518 -139.024 163.221
519 -139.075 163.533
520 -139.051 163.889
521 -138.929 164.267
522 -138.69 164.647
523 -138.32 165.017
524 -137.819 165.374
525 -137.201 165.722
526 -136.492 166.064
527 -135.729 166.403
528 -134.948 166.741
529 -134.18 167.072
530 -133.44 167.394
531 -132.722 167.698
532 -132.011 167.977
533 -131.282 168.218
534 -130.51 168.409
535 -129.681 168.54
536 -128.796 168.607
537 -127.868 168.61
538 -126.927 168.562
539 -126.01 168.479
540 -125.158 168.381
541 -124.409 168.285
542 -123.79 168.201
543 -123.314 168.132
544 -122.978 168.075
545 -122.771 168.025
546 -122.672 167.976
547 -122.662 167.924
548 -122.727 167.868
549 -122.862 167.807
550 -123.066 167.748
551 -123.343 167.697
552 -123.689 167.663
553 -124.093 167.656
554 -124.531 167.68
555 -124.973 167.736
556 -125.384 167.818
557 -125.728 167.911
558 -125.979 168.001
559 -126.119 168.074
560 -126.142 168.119
561 -126.056 168.133
562 -125.878 168.119
563 -125.639 168.078
564 -125.37 168.01
565 -125.101 167.904
566 -124.85 167.741
567 -124.626 167.499
568 -124.427 167.157
569 -124.246 166.705
570 -124.083 166.146
571 -123.946 165.498
572 -123.858 164.789
573 -123.849 164.056
574 -123.952 163.329
575 -124.191 162.64
576 -124.575 162.01
577 -125.093 161.452
578 -125.715 160.975
579 -126.398 160.583
580 -127.095 160.278
581 -127.764 160.066
582 -128.368 159.951
583 -128.885 159.943
584 -129.304 160.049
585 -129.621 160.272
586 -129.844 160.604
587 -129.982 161.022
588 -130.049 161.494
589 -130.054 161.983
590 -130.01 162.454
591 -129.923 162.882
592 -129.802 163.253
593 -129.655 163.566
594 -129.492 163.829
595 -129.324 164.055
596 -129.16 164.259
597 -129.013 164.457
598 -128.89 164.663
599 -128.8 164.889
600 -128.748 165.14
601 -128.736 165.415
602 -128.766 165.707
603 -128.84 166.001
604 -128.958 166.275
605 -129.121 166.512
606 -129.326 166.694
607 -129.57 166.812
608 -129.842 166.863
609 -130.134 166.853
610 -130.433 166.79
611 -130.731 166.688
612 -131.018 166.558
613 -131.288 166.411
614 -131.537 166.26
615 -131.757 166.115
616 -131.943 165.989
617 -132.084 165.892
618 -132.173 165.841
619 -132.203 165.849
620 -132.17 165.933
621 -132.079 166.111
622 -131.939 166.392
623 -131.763 166.779
624 -131.57 167.263
625 -131.38 167.82
626 -131.209 168.417
627 -131.068 169.014
628 -130.965 169.577
629 -130.898 170.083
630 -130.864 170.522
631 -130.862 170.89
632 -130.889 171.193
633 -130.945 171.435
634 -131.033 171.615
635 -131.151 171.729
636 -131.295 171.764
637 -131.459 171.706
638 -131.632 171.542
639 -131.802 171.26
640 -131.96 170.855
641 -132.103 170.329
642 -132.232 169.691
643 -132.355 168.952
644 -132.48 168.128
645 -132.614 167.234
646 -132.76 166.283
647 -132.917 165.286
648 -133.076 164.255
649 -133.23 163.195
650 -133.372 162.118
651 -133.507 161.039
652 -133.647 159.979
653 -133.817 158.966
654 -134.05 158.037
655 -134.376 157.222
656 -134.816 156.545
657 -135.378 156.017
658 -136.046 155.636
659 -136.79 155.385
660 -137.573 155.245
661 -138.355 155.195
662 -139.11 155.22
663 -139.824 155.315
664 -140.496 155.48
665 -141.141 155.715
666 -141.776 156.017
667 -142.416 156.373
668 -143.069 156.764
669 -143.731 157.166
670 -144.384 157.553
671 -145.001 157.903
672 -145.551 158.196
673 -146.008 158.42
674 -146.359 158.573
675 -146.602 158.657
676 -146.747 158.683
677 -146.811 158.667
678 -146.815 158.629
679 -146.776 158.583
680 -146.707 158.538
681 -146.611 158.495
682 -146.488 158.444
683 -146.336 158.376
684 -146.159 158.281
685 -145.967 158.161
686 -145.779 158.026
687 -145.623 157.896
688 -145.528 157.8
689 -145.523 157.764
690 -145.627 157.815
691 -145.848 157.965
692 -146.178 158.216
693 -146.601 158.558
694 -147.092 158.973
695 -147.629 159.442
696 -148.196 159.948
697 -148.785 160.484
698 -149.4 161.056
699 -150.051 161.672
700 -150.755 162.347
701 -151.524 163.085
702 -152.362 163.876
703 -153.261 164.692
704 -154.192 165.491
705 -155.12 166.222
706 -155.999 166.838
707 -156.791 167.308
708 -157.465 167.615
709 -158.003 167.764
710 -158.405 167.772
711 -158.683 167.67
712 -158.86 167.488
713 -158.962 167.253
714 -159.01 166.981
715 -159.022 166.676
716 -159.005 166.331
717 -158.965 165.935
718 -158.908 165.477
719 -158.841 164.953
720 -158.783 164.369
721 -158.758 163.742
722 -158.796 163.098
723 -158.926 162.464
724 -159.171 161.864
725 -159.54 161.314
726 -160.026 160.817
727 -160.605 160.369
728 -161.242 159.954
729 -161.898 159.557
730 -162.537 159.164
731 -163.134 158.765
732 -163.676 158.362
733 -164.161 157.965
734 -164.593 157.588
735 -164.977 157.245
736 -165.317 156.942
737 -165.612 156.679
738 -165.854 156.445
739 -166.033 156.228
740 -166.138 156.014
741 -166.169 155.796
742 -166.132 155.572
743 -166.045 155.347
744 -165.938 155.134
745 -165.845 154.943
746 -165.801 154.782
747 -165.833 154.654
748 -165.956 154.554
749 -166.169 154.471
750 -166.459 154.388
751 -166.806 154.284
752 -167.188 154.141
753 -167.591 153.94
754 -168.012 153.676
755 -168.454 153.352
756 -168.927 152.986
757 -169.439 152.601
758 -169.994 152.222
759 -170.588 151.868
760 -171.204 151.55
761 -171.819 151.267
762 -172.405 151.013
763 -172.937 150.783
764 -173.396 150.579
765 -173.772 150.412
766 -174.071 150.304
767 -174.306 150.279
768 -174.496 150.361
769 -174.653 150.565
770 -174.783 150.894
771 -174.872 151.34
772 -174.896 151.885
773 -174.817 152.504
774 -174.597 153.173
775 -174.205 153.868
776 -173.625 154.575
777 -172.863 155.293
778 -171.948 156.028
779 -170.929 156.792
780 -169.863 157.603
781 -168.81 158.47
782 -167.822 159.394
783 -166.935 160.358
784 -166.172 161.329
785 -165.536 162.268
786 -165.021 163.137
787 -164.617 163.907
788 -164.316 164.566
789 -164.12 165.115
790 -164.033 165.572
791 -164.06 165.958
792 -164.205 166.296
793 -164.459 166.601
794 -164.801 166.876
795 -165.198 167.115
796 -165.608 167.303
797 -165.988 167.427
798 -166.301 167.477
799 -166.516 167.45
800 -166.618 167.352
801 -166.605 167.198
802 -166.482 167.012
803 -166.262 166.815
804 -165.958 166.626
805 -165.578 166.452
806 -165.127 166.286
807 -164.599 166.113
808 -163.99 165.91
809 -163.294 165.662
810 -162.514 165.363
811 -161.659 165.026
812 -160.749 164.677
813 -159.811 164.355
814 -158.877 164.094
815 -157.98 163.919
816 -157.149 163.839
817 -156.4 163.842
818 -155.741 163.904
819 -155.163 163.998
820 -154.653 164.099
821 -154.195 164.19
822 -153.78 164.267
823 -153.407 164.333
824 -153.081 164.4
825 -152.809 164.48
826 -152.593 164.577
827 -152.422 164.686
828 -152.27 164.791
829 -152.099 164.866
830 -151.861 164.878
831 -151.513 164.8
832 -151.021 164.607
833 -150.366 164.29
834 -149.55 163.853
835 -148.591 163.313
836 -147.521 162.699
837 -146.381 162.041
838 -145.209 161.367
839 -144.032 160.695
840 -142.867 160.031
841 -141.717 159.37
842 -140.578 158.7
843 -139.448 158.009
844 -138.334 157.297
845 -137.252 156.574
846 -136.23 155.864
847 -135.301 155.204
848 -134.494 154.631
849 -133.827 154.174
850 -133.302 153.849
851 -132.902 153.654
852 -132.598 153.57
853 -132.351 153.566
854 -132.124 153.608
855 -131.887 153.669
856 -131.626 153.735
857 -131.34 153.808
858 -131.043 153.906
859 -130.756 154.059
860 -130.502 154.298
861 -130.293 154.648
862 -130.129 155.113
863 -129.989 155.678
864 -129.839 156.306
865 -129.633 156.943
866 -129.331 157.537
867 -128.901 158.04
868 -128.332 158.425
869 -127.634 158.687
870 -126.832 158.84
871 -125.966 158.911
872 -125.075 158.924
873 -124.193 158.895
874 -123.341 158.822
875 -122.525 158.688
876 -121.742 158.467
877 -120.983 158.134
878 -120.245 157.676
879 -119.535 157.098
880 -118.885 156.427
881 -118.34 155.711
882 -117.95 155.006
883 -117.759 154.367
884 -117.785 153.84
885 -118.01 153.443
886 -118.384 153.164
887 -118.831 152.973
888 -119.279 152.826
889 -119.666 152.685
890 -119.959 152.529
891 -120.153 152.366
892 -120.272 152.227
893 -120.357 152.158
894 -120.451 152.202
895 -120.592 152.388
896 -120.793 152.715
897 -121.05 153.156
898 -121.335 153.662
899 -121.614 154.18
900 -121.856 154.662
901 -122.049 155.079
902 -122.2 155.419
903 -122.337 155.689
904 -122.498 155.902
905 -122.719 156.071
906 -123.02 156.198
907 -123.399 156.274
908 -123.833 156.276
909 -124.285 156.174
910 -124.718 155.94
911 -125.102 155.554
912 -125.426 155.011
913 -125.697 154.33
914 -125.936 153.546
915 -126.172 152.706
916 -126.429 151.861
917 -126.724 151.049
918 -127.055 150.297
919 -127.403 149.611
920 -127.739 148.983
921 -128.03 148.398
922 -128.244 147.836
923 -128.361 147.286
924 -128.377 146.745
925 -128.3 146.217
926 -128.153 145.715
927 -127.964 145.254
928 -127.756 144.849
929 -127.545 144.51
930 -127.329 144.241
931 -127.091 144.034
932 -126.804 143.873
933 -126.435 143.731
934 -125.957 143.582
935 -125.358 143.4
936 -124.643 143.174
937 -123.834 142.905
938 -122.974 142.612
939 -122.115 142.325
940 -121.31 142.078
941 -120.602 141.903
942 -120.015 141.814
943 -119.55 141.808
944 -119.186 141.86
945 -118.892 141.936
946 -118.636 141.998
947 -118.395 142.019
948 -118.164 141.987
949 -117.948 141.908
950 -117.762 141.804
951 -117.617 141.706
952 -117.515 141.646
953 -117.439 141.649
954 -117.363 141.726
955 -117.251 141.872
956 -117.074 142.066
957 -116.81 142.281
958 -116.454 142.488
959 -116.022 142.665
960 -115.542 142.809
961 -115.056 142.935
962 -114.613 143.07
963 -114.255 143.24
964 -114.006 143.46
965 -113.867 143.716
966 -113.81 143.964
967 -113.791 144.144
968 -113.759 144.19
969 -113.675 144.053
970 -113.521 143.713
971 -113.304 143.181
972 -113.057 142.495
973 -112.826 141.707
974 -112.658 140.865
975 -112.583 140.008
976 -112.608 139.15
977 -112.709 138.286
978 -112.844 137.397
979 -112.96 136.464
980 -113.017 135.475
981 -112.996 134.441
982 -112.907 133.399
983 -112.785 132.411
984 -112.678 131.553
985 -112.628 130.894
986 -112.654 130.478
987 -112.741 130.307
988 -112.845 130.341
989 -112.908 130.515
990 -112.875 130.761
991 -112.706 131.032
992 -112.391 131.31
993 -111.946 131.603
994 -111.413 131.939
995 -110.854 132.344
996 -110.332 132.831
997 -109.902 133.39
998 -109.604 133.989
999 -109.454 134.577
1000 -109.445 135.099
1001 -109.557 135.506
1002 -109.765 135.756
1003 -110.048 135.823
1004 -110.396 135.698
1005 -110.811 135.388
1006 -111.303 134.913
1007 -111.88 134.304
1008 -112.546 133.59
1009 -113.289 132.797
1010 -114.085 131.941
1011 -114.898 131.03
1012 -115.69 130.07
1013 -116.42 129.074
1014 -117.057 128.065
1015 -117.58 127.077
1016 -117.986 126.153
1017 -118.286 125.338
1018 -118.509 124.673
1019 -118.69 124.189
1020 -118.861 123.898
1021 -119.044 123.796
1022 -119.248 123.861
1023 -119.471 124.055
1024 -119.702 124.337
1025 -119.932 124.665
1026 -120.151 125.009
1027 -120.353 125.347
1028 -120.534 125.672
1029 -120.688 125.985
1030 -120.808 126.292
1031 -120.879 126.598
1032 -120.884 126.903
1033 -120.799 127.198
1034 -120.599 127.468
1035 -120.262 127.694
1036 -119.773 127.856
1037 -119.13 127.945
1038 -118.352 127.964
1039 -117.48 127.936
1040 -116.578 127.901
1041 -115.722 127.907
1042 -114.983 127.995
1043 -114.404 128.178
1044 -113.994 128.438
1045 -113.725 128.725
1046 -113.547 128.971
1047 -113.407 129.118
1048 -113.26 129.128
1049 -113.08 128.997
1050 -112.86 128.753
1051 -112.605 128.446
1052 -112.326 128.134
1053 -112.032 127.866
1054 -111.733 127.669
1055 -111.433 127.542
1056 -111.136 127.457
1057 -110.844 127.372
1058 -110.56 127.242
1059 -110.289 127.036
1060 -110.043 126.744
1061 -109.842 126.385
1062 -109.711 125.999
1063 -109.673 125.638
1064 -109.736 125.343
1065 -109.892 125.133
1066 -110.113 124.993
1067 -110.357 124.879
1068 -110.582 124.741
1069 -110.759 124.536
1070 -110.879 124.253
1071 -110.954 123.912
1072 -111.01 123.566
1073 -111.076 123.278
1074 -111.176 123.099
1075 -111.32 123.057
1076 -111.501 123.144
1077 -111.703 123.318
1078 -111.905 123.519
1079 -112.087 123.688
1080 -112.236 123.776
1081 -112.356 123.762
1082 -112.46 123.649
1083 -112.576 123.467
1084 -112.73 123.254
1085 -112.939 123.042
1086 -113.202 122.842
1087 -113.496 122.644
1088 -113.785 122.412
1089 -114.03 122.107
1090 -114.197 121.699
1091 -114.265 121.182
1092 -114.228 120.576
1093 -114.097 119.927
1094 -113.891 119.298
1095 -113.64 118.75
1096 -113.378 118.335
1097 -113.137 118.08
1098 -112.943 117.989
1099 -112.81 118.047
1100 -112.742 118.228
1101 -112.729 118.501
1102 -112.758 118.843
1103 -112.818 119.235
1104 -112.906 119.667
1105 -113.024 120.135
1106 -113.182 120.638
1107 -113.384 121.174
1108 -113.629 121.743
1109 -113.901 122.336
1110 -114.177 122.941
1111 -114.429 123.543
1112 -114.627 124.12
1113 -114.752 124.653
1114 -114.794 125.125
1115 -114.755 125.526
1116 -114.65 125.854
1117 -114.506 126.117
1118 -114.359 126.33
1119 -114.25 126.515
1120 -114.219 126.697
1121 -114.297 126.9
1122 -114.497 127.138
1123 -114.812 127.415
1124 -115.212 127.72
1125 -115.656 128.026
1126 -116.099 128.302
1127 -116.504 128.515
1128 -116.853 128.65
1129 -117.145 128.714
1130 -117.393 128.742
1131 -117.613 128.795
1132 -117.813 128.943
1133 -117.984 129.246
1134 -118.103 129.737
1135 -118.139 130.412
1136 -118.067 131.234
1137 -117.877 132.151
1138 -117.574 133.109
1139 -117.185 134.073
1140 -116.752 135.035
1141 -116.325 136.006
1142 -115.953 137.008
1143 -115.674 138.052
1144 -115.499 139.129
1145 -115.409 140.205
1146 -115.357 141.225
1147 -115.281 142.125
1148 -115.122 142.846
1149 -114.839 143.347
1150 -114.416 143.61
1151 -113.87 143.643
1152 -113.243 143.476
1153 -112.598 143.158
1154 -111.996 142.741
1155 -111.485 142.272
1156 -111.088 141.783
1157 -110.796 141.286
1158 -110.578 140.776
1159 -110.394 140.238
1160 -110.208 139.665
1161 -110 139.065
1162 -109.774 138.469
1163 -109.553 137.921
1164 -109.373 137.473
1165 -109.269 137.166
1166 -109.264 137.02
1167 -109.358 137.027
1168 -109.525 137.153
1169 -109.716 137.35
1170 -109.877 137.565
1171 -109.954 137.754
1172 -109.911 137.892
1173 -109.741 137.974
1174 -109.466 138.015
1175 -109.138 138.045
1176 -108.822 138.095
1177 -108.589 138.194
1178 -108.493 138.359
1179 -108.568 138.592
1180 -108.817 138.885
1181 -109.224 139.217
1182 -109.756 139.567
1183 -110.377 139.918
1184 -111.056 140.255
1185 -111.777 140.575
1186 -112.541 140.883
1187 -113.356 141.191
1188 -114.242 141.516
1189 -115.21 141.877
1190 -116.258 142.285
1191 -117.361 142.742
1192 -118.471 143.231
1193 -119.531 143.724
1194 -120.48 144.187
1195 -121.271 144.586
1196 -121.882 144.902
1197 -122.313 145.135
1198 -122.589 145.307
1199 -122.752 145.456
1200 -122.848 145.625
1201 -122.924 145.851
1202 -123.013 146.147
1203 -123.13 146.502
1204 -123.272 146.879
1205 -123.423 147.232
1206 -123.563 147.514
1207 -123.678 147.697
1208 -123.764 147.774
1209 -123.836 147.763
1210 -123.924 147.701
1211 -124.063 147.634
1212 -124.285 147.603
1213 -124.604 147.634
1214 -125.01 147.731
1215 -125.471 147.872
1216 -125.941 148.021
1217 -126.377 148.14
1218 -126.745 148.206
1219 -127.035 148.214
1220 -127.256 148.188
1221 -127.435 148.173
1222 -127.607 148.219
1223 -127.805 148.368
1224 -128.044 148.641
1225 -128.322 149.028
1226 -128.613 149.498
1227 -128.883 150.006
1228 -129.09 150.505
1229 -129.207 150.964
1230 -129.22 151.366
1231 -129.137 151.71
1232 -128.979 152.003
1233 -128.777 152.247
1234 -128.56 152.437
1235 -128.35 152.553
1236 -128.151 152.567
1237 -127.96 152.447
1238 -127.766 152.169
1239 -127.556 151.719
1240 -127.329 151.098
1241 -127.094 150.323
1242 -126.873 149.42
1243 -126.7 148.428
1244 -126.613 147.395
1245 -126.643 146.365
1246 -126.804 145.377
1247 -127.091 144.465
1248 -127.473 143.652
1249 -127.9 142.95
1250 -128.312 142.365
1251 -128.646 141.903
1252 -128.852 141.568
1253 -128.895 141.368
1254 -128.765 141.315
1255 -128.475 141.411
1256 -128.05 141.65
1257 -127.52 142.01
1258 -126.909 142.46
1259 -126.228 142.965
1260 -125.481 143.489
1261 -124.664 144.001
1262 -123.775 144.479
1263 -122.82 144.901
1264 -121.816 145.249
1265 -120.792 145.509
1266 -119.785 145.673
1267 -118.835 145.744
1268 -117.982 145.735
1269 -117.258 145.669
1270 -116.682 145.569
1271 -116.256 145.452
1272 -115.967 145.319
1273 -115.79 145.157
1274 -115.694 144.944
1275 -115.649 144.658
1276 -115.634 144.287
1277 -115.648 143.84
1278 -115.71 143.348
1279 -115.861 142.861
1280 -116.151 142.44
1281 -116.625 142.142
1282 -117.303 142.004
1283 -118.172 142.041
1284 -119.188 142.241
1285 -120.291 142.578
1286 -121.419 143.02
1287 -122.526 143.545
1288 -123.592 144.146
1289 -124.618 144.832
1290 -125.608 145.626
1291 -126.569 146.554
1292 -127.492 147.629
1293 -128.361 148.844
1294 -129.151 150.167
1295 -129.839 151.541
1296 -130.403 152.893
1297 -130.834 154.153
1298 -131.133 155.263
1299 -131.316 156.194
1300 -131.417 156.936
1301 -131.482 157.504
1302 -131.565 157.922
1303 -131.723 158.216
1304 -131.998 158.405
1305 -132.415 158.492
1306 -132.975 158.47
1307 -133.661 158.327
1308 -134.447 158.048
1309 -135.309 157.631
1310 -136.229 157.087
1311 -137.198 156.441
1312 -138.205 155.735
1313 -139.241 155.014
1314 -140.288 154.319
1315 -141.326 153.675
1316 -142.333 153.089
1317 -143.289 152.548
1318 -144.182 152.026
1319 -145.009 151.493
1320 -145.771 150.929
1321 -146.48 150.329
1322 -147.149 149.706
1323 -147.8 149.084
1324 -148.452 148.498
1325 -149.121 147.976
1326 -149.818 147.54
1327 -150.534 147.197
1328 -151.247 146.942
1329 -151.919 146.755
1330 -152.505 146.615
1331 -152.963 146.494
1332 -153.264 146.372
1333 -153.398 146.238
1334 -153.377 146.093
1335 -153.233 145.951
1336 -153.007 145.838
1337 -152.744 145.783
1338 -152.486 145.814
1339 -152.263 145.946
1340 -152.095 146.183
1341 -151.988 146.509
1342 -151.944 146.904
1343 -151.962 147.341
1344 -152.045 147.8
1345 -152.199 148.269
1346 -152.44 148.743
1347 -152.782 149.222
1348 -153.236 149.71
1349 -153.801 150.209
1350 -154.46 150.719
1351 -155.181 151.233
1352 -155.922 151.74
1353 -156.634 152.226
1354 -157.28 152.671
1355 -157.83 153.057
1356 -158.273 153.363
1357 -158.61 153.573
1358 -158.855 153.675
1359 -159.027 153.668
1360 -159.149 153.564
1361 -159.245 153.382
1362 -159.333 153.15
1363 -159.424 152.891
1364 -159.525 152.619
1365 -159.637 152.345
1366 -159.757 152.07
1367 -159.884 151.802
1368 -160.014 151.548
1369 -160.146 151.323
1370 -160.274 151.142
1371 -160.39 151.015
1372 -160.482 150.944
1373 -160.539 150.921
1374 -160.552 150.926
1375 -160.516 150.936
1376 -160.428 150.925
1377 -160.288 150.871
1378 -160.097 150.755
1379 -159.856 150.568
1380 -159.564 150.305
1381 -159.223 149.973
1382 -158.83 149.588
1383 -158.389 149.169
1384 -157.899 148.742
1385 -157.366 148.325
1386 -156.794 147.932
1387 -156.193 147.568
1388 -155.575 147.238
1389 -154.957 146.947
1390 -154.357 146.703
1391 -153.794 146.523
1392 -153.288 146.425
1393 -152.849 146.423
1394 -152.482 146.519
1395 -152.189 146.706
1396 -151.966 146.959
1397 -151.812 147.246
1398 -151.727 147.527
1399 -151.711 147.764
1400 -151.769 147.925
1401 -151.904 147.985
1402 -152.117 147.933
1403 -152.403 147.767
1404 -152.755 147.493
1405 -153.16 147.126
1406 -153.598 146.681
1407 -154.045 146.171
1408 -154.473 145.605
1409 -154.852 144.988
1410 -155.151 144.325
1411 -155.342 143.623
1412 -155.398 142.895
1413 -155.305 142.163
1414 -155.052 141.453
1415 -154.642 140.795
1416 -154.083 140.219
1417 -153.389 139.753
1418 -152.578 139.418
1419 -151.67 139.232
1420 -150.68 139.206
1421 -149.621 139.345
1422 -148.498 139.65
1423 -147.314 140.111
1424 -146.072 140.715
1425 -144.777 141.443
1426 -143.44 142.275
1427 -142.081 143.193
1428 -140.729 144.181
1429 -139.42 145.227
1430 -138.19 146.32
1431 -137.07 147.45
1432 -136.08 148.605
1433 -135.226 149.769
1434 -134.503 150.924
1435 -133.892 152.049
1436 -133.369 153.118
1437 -132.905 154.106
1438 -132.475 154.989
1439 -132.056 155.743
1440 -131.63 156.352
1441 -131.188 156.807
1442 -130.722 157.106
1443 -130.228 157.257
1444 -129.705 157.277
1445 -129.147 157.189
1446 -128.548 157.024
1447 -127.906 156.81
1448 -127.218 156.576
1449 -126.49 156.346
1450 -125.737 156.141
1451 -124.982 155.979
1452 -124.256 155.876
1453 -123.59 155.849
1454 -123.013 155.916
1455 -122.548 156.093
1456 -122.206 156.387
1457 -121.987 156.79
1458 -121.87 157.282
1459 -121.824 157.827
1460 -121.806 158.384
1461 -121.777 158.913
1462 -121.706 159.381
1463 -121.578 159.763
1464 -121.396 160.045
1465 -121.182 160.222
1466 -120.965 160.298
1467 -120.775 160.289
1468 -120.637 160.21
1469 -120.561 160.082
1470 -120.541 159.919
1471 -120.562 159.727
1472 -120.604 159.505
1473 -120.652 159.249
1474 -120.702 158.953
1475 -120.758 158.62
1476 -120.831 158.256
1477 -120.928 157.878
1478 -121.053 157.498
1479 -121.203 157.119
1480 -121.367 156.738
1481 -121.531 156.339
1482 -121.683 155.906
1483 -121.817 155.429
1484 -121.932 154.908
1485 -122.031 154.36
1486 -122.122 153.81
1487 -122.212 153.291
1488 -122.309 152.836
1489 -122.426 152.468
1490 -122.574 152.205
1491 -122.768 152.054
1492 -123.019 152.019
1493 -123.333 152.101
1494 -123.715 152.304
1495 -124.162 152.631
1496 -124.67 153.091
1497 -125.236 153.685
1498 -125.853 154.408
1499 -126.511 155.245
1500 -127.2 156.168
1501 -127.902 157.139
1502 -128.6 158.113
1503 -129.276 159.045
1504 -129.918 159.9
1505 -130.521 160.654
1506 -131.086 161.296
1507 -131.621 161.83
1508 -132.137 162.265
1509 -132.639 162.615
1510 -133.13 162.893
1511 -133.605 163.106
1512 -134.058 163.262
1513 -134.483 163.368
1514 -134.88 163.434
1515 -135.25 163.479
1516 -135.595 163.524
1517 -135.916 163.594
1518 -136.205 163.703
1519 -136.455 163.862
1520 -136.653 164.069
1521 -136.79 164.316
1522 -136.858 164.595
1523 -136.851 164.899
1524 -136.763 165.226
1525 -136.589 165.578
1526 -136.319 165.96
1527 -135.949 166.376
1528 -135.482 166.829
1529 -134.932 167.322
1530 -134.323 167.854
1531 -133.688 168.426
1532 -133.057 169.035
1533 -132.454 169.677
1534 -131.893 170.346
1535 -131.384 171.03
1536 -130.935 171.712
1537 -130.555 172.37
1538 -130.256 172.98
1539 -130.045 173.517
1540 -129.923 173.953
1541 -129.883 174.255
1542 -129.914 174.391
1543 -129.999 174.335
1544 -130.126 174.073
1545 -130.287 173.602
1546 -130.483 172.936
1547 -130.72 172.1
1548 -131.008 171.119
1549 -131.355 170.013
1550 -131.763 168.804
1551 -132.233 167.509
1552 -132.761 166.15
1553 -133.341 164.756
1554 -133.969 163.359
1555 -134.633 162.001
1556 -135.317 160.723
1557 -135.997 159.562
1558 -136.643 158.536
1559 -137.229 157.647
1560 -137.732 156.887
1561 -138.136 156.24
1562 -138.434 155.685
1563 -138.623 155.198
1564 -138.698 154.76
1565 -138.648 154.354
1566 -138.452 153.97
1567 -138.078 153.603
1568 -137.495 153.253
1569 -136.679 152.915
1570 -135.623 152.585
1571 -134.344 152.251
1572 -132.877 151.898
1573 -131.28 151.51
1574 -129.627 151.082
1575 -127.999 150.618
1576 -126.475 150.133
1577 -125.129 149.651
1578 -124.016 149.193
1579 -123.169 148.768
1580 -122.588 148.365
1581 -122.244 147.961
1582 -122.097 147.523
1583 -122.108 147.026
1584 -122.251 146.455
1585 -122.516 145.811
1586 -122.905 145.107
1587 -123.42 144.36
1588 -124.051 143.589
1589 -124.765 142.807
1590 -125.52 142.017
1591 -126.262 141.212
1592 -126.946 140.384
1593 -127.537 139.532
1594 -128.016 138.665
1595 -128.376 137.811
1596 -128.621 137.007
1597 -128.759 136.298
1598 -128.796 135.727
1599 -128.731 135.323
1600 -128.552 135.097
1601 -128.24 135.036
1602 -127.763 135.111
1603 -127.08 135.282
1604 -126.151 135.512
1605 -124.947 135.773
1606 -123.457 136.054
1607 -121.709 136.357
1608 -119.766 136.698
1609 -117.718 137.097
1610 -115.676 137.564
1611 -113.739 138.096
1612 -111.985 138.667
1613 -110.46 139.236
1614 -109.19 139.755
1615 -108.185 140.181
1616 -107.451 140.486
1617 -106.995 140.661
1618 -106.823 140.714
1619 -106.938 140.66
1620 -107.333 140.521
1621 -107.987 140.31
1622 -108.86 140.038
1623 -109.898 139.709
1624 -111.038 139.315
1625 -112.21 138.844
1626 -113.35 138.278
1627 -114.4 137.6
1628 -115.321 136.798
1629 -116.094 135.87
1630 -116.721 134.835
1631 -117.221 133.727
1632 -117.629 132.597
1633 -117.986 131.501
1634 -118.329 130.497
1635 -118.683 129.623
1636 -119.053 128.898
1637 -119.429 128.311
1638 -119.794 127.833
1639 -120.127 127.424
1640 -120.42 127.04
1641 -120.676 126.644
1642 -120.909 126.211
1643 -121.142 125.733
1644 -121.394 125.217
1645 -121.674 124.678
1646 -121.977 124.135
1647 -122.282 123.593
1648 -122.56 123.044
1649 -122.783 122.465
1650 -122.933 121.822
1651 -123.012 121.086
1652 -123.041 120.236
1653 -123.061 119.279
1654 -123.119 118.246
1655 -123.267 117.189
1656 -123.541 116.169
1657 -123.958 115.241
1658 -124.506 114.431
1659 -125.15 113.735
1660 -125.838 113.129
1661 -126.51 112.579
1662 -127.115 112.053
1663 -127.618 111.536
1664 -128.003 111.032
1665 -128.27 110.556
1666 -128.434 110.132
1667 -128.51 109.78
1668 -128.515 109.512
1669 -128.46 109.326
1670 -128.355 109.208
1671 -128.215 109.134
1672 -128.064 109.08
1673 -127.934 109.028
1674 -127.866 108.97
1675 -127.902 108.911
1676 -128.081 108.87
1677 -128.432 108.867
1678 -128.969 108.919
1679 -129.687 109.027
1680 -130.563 109.174
1681 -131.551 109.329
1682 -132.59 109.456
1683 -133.608 109.521
1684 -134.526 109.503
1685 -135.271 109.399
1686 -135.786 109.218
1687 -136.029 108.98
1688 -135.987 108.707
1689 -135.671 108.418
1690 -135.116 108.126
1691 -134.368 107.842
1692 -133.482 107.574
1693 -132.514 107.331
1694 -131.517 107.123
1695 -130.54 106.966
1696 -129.63 106.873
1697 -128.83 106.858
1698 -128.171 106.93
1699 -127.677 107.091
1700 -127.355 107.336
1701 -127.199 107.654
1702 -127.189 108.028
1703 -127.295 108.441
1704 -127.48 108.868
1705 -127.704 109.283
1706 -127.929 109.658
1707 -128.121 109.963
1708 -128.254 110.17
1709 -128.312 110.255
1710 -128.298 110.207
1711 -128.228 110.025
1712 -128.134 109.727
1713 -128.055 109.344
1714 -128.031 108.918
1715 -128.092 108.495
1716 -128.253 108.115
1717 -128.514 107.804
1718 -128.864 107.575
1719 -129.287 107.43
1720 -129.763 107.36
1721 -130.274 107.358
1722 -130.796 107.421
1723 -131.299 107.553
1724 -131.746 107.766
1725 -132.097 108.069
1726 -132.318 108.467
1727 -132.389 108.949
1728 -132.307 109.483
1729 -132.086 110.024
1730 -131.755 110.521
1731 -131.348 110.925
1732 -130.901 111.206
1733 -130.451 111.35
1734 -130.039 111.362
1735 -129.698 111.261
1736 -129.456 111.067
1737 -129.329 110.794
1738 -129.322 110.449
1739 -129.424 110.027
1740 -129.617 109.521
1741 -129.879 108.929
1742 -130.187 108.259
1743 -130.521 107.534
1744 -130.861 106.787
1745 -131.181 106.065
1746 -131.45 105.415
1747 -131.633 104.883
1748 -131.694 104.508
1749 -131.609 104.314
1750 -131.371 104.314
1751 -130.992 104.508
1752 -130.499 104.886
1753 -129.931 105.43
1754 -129.328 106.116
1755 -128.726 106.913
1756 -128.159 107.79
1757 -127.648 108.707
1758 -127.204 109.627
1759 -126.82 110.508
1760 -126.477 111.307
1761 -126.148 111.98
1762 -125.802 112.493
1763 -125.41 112.825
1764 -124.957 112.972
1765 -124.441 112.95
1766 -123.879 112.787
1767 -123.298 112.518
1768 -122.736 112.182
1769 -122.232 111.812
1770 -121.821 111.435
1771 -121.528 111.076
1772 -121.37 110.758
1773 -121.355 110.504
1774 -121.478 110.34
1775 -121.729 110.289
1776 -122.088 110.374
1777 -122.531 110.606
1778 -123.028 110.985
1779 -123.543 111.501
1780 -124.032 112.131
1781 -124.447 112.84
1782 -124.733 113.585
1783 -124.839 114.325
1784 -124.721 115.025
1785 -124.344 115.657
1786 -123.695 116.207
1787 -122.779 116.673
1788 -121.624 117.062
1789 -120.274 117.388
1790 -118.787 117.665
1791 -117.23 117.899
1792 -115.664 118.094
1793 -114.147 118.242
1794 -112.723 118.333
1795 -111.424 118.355
1796 -110.266 118.301
1797 -109.263 118.169
1798 -108.419 117.959
1799 -107.74 117.678
1800 -107.238 117.334
1801 -106.922 116.937
1802 -106.804 116.496
1803 -106.885 116.026
1804 -107.159 115.537
1805 -107.601 115.036
1806 -108.177 114.521
1807 -108.841 113.987
1808 -109.55 113.427
1809 -110.264 112.845
1810 -110.963 112.253
1811 -111.644 111.677
1812 -112.319 111.15
1813 -113.006 110.713
1814 -113.724 110.396
1815 -114.478 110.215
1816 -115.262 110.164
1817 -116.053 110.22
1818 -116.821 110.343
1819 -117.537 110.494
1820 -118.175 110.634
1821 -118.716 110.736
1822 -119.159 110.789
1823 -119.509 110.795
1824 -119.778 110.771
1825 -119.985 110.738
1826 -120.144 110.719
1827 -120.268 110.728
1828 -120.363 110.771
1829 -120.433 110.841
1830 -120.483 110.928
1831 -120.52 111.023
1832 -120.563 111.127
1833 -120.64 111.253
1834 -120.788 111.429
1835 -121.048 111.687
1836 -121.455 112.052
1837 -122.029 112.535
1838 -122.768 113.121
1839 -123.646 113.769
1840 -124.617 114.422
1841 -125.623 115.018
1842 -126.604 115.504
1843 -127.511 115.85
1844 -128.315 116.053
1845 -129.004 116.133
1846 -129.581 116.122
1847 -130.062 116.058
1848 -130.471 115.972
1849 -130.83 115.88
1850 -131.162 115.783
1851 -131.48 115.668
1852 -131.794 115.519
1853 -132.111 115.322
1854 -132.438 115.074
1855 -132.784 114.784
1856 -133.161 114.48
1857 -133.584 114.199
1858 -134.064 113.983
1859 -134.607 113.871
1860 -135.205 113.887
1861 -135.835 114.033
1862 -136.46 114.291
1863 -137.036 114.627
1864 -137.519 115.002
1865 -137.876 115.383
1866 -138.088 115.753
1867 -138.159 116.112
1868 -138.111 116.479
1869 -137.984 116.879
1870 -137.824 117.338
1871 -137.678 117.864
1872 -137.583 118.45
1873 -137.562 119.065
1874 -137.621 119.668
1875 -137.752 120.213
1876 -137.942 120.662
1877 -138.177 120.99
1878 -138.447 121.192
1879 -138.746 121.277
1880 -139.072 121.262
1881 -139.423 121.173
1882 -139.788 121.03
1883 -140.15 120.846
1884 -140.485 120.626
1885 -140.767 120.366
1886 -140.975 120.059
1887 -141.096 119.701
1888 -141.13 119.303
1889 -141.094 118.889
1890 -141.017 118.501
1891 -140.939 118.189
1892 -140.905 118.004
1893 -140.955 117.985
1894 -141.115 118.146
1895 -141.392 118.476
1896 -141.77 118.943
1897 -142.216 119.5
1898 -142.687 120.098
1899 -143.145 120.697
1900 -143.556 121.266
1901 -143.903 121.784
1902 -144.179 122.246
1903 -144.39 122.653
1904 -144.546 123.015
1905 -144.655 123.339
1906 -144.727 123.626
1907 -144.767 123.868
1908 -144.779 124.048
1909 -144.769 124.143
1910 -144.744 124.136
1911 -144.718 124.018
1912 -144.706 123.799
1913 -144.73 123.501
1914 -144.812 123.158
1915 -144.976 122.802
1916 -145.236 122.453
1917 -145.597 122.118
1918 -146.052 121.784
1919 -146.578 121.433
1920 -147.143 121.041
1921 -147.715 120.595
1922 -148.261 120.092
1923 -148.758 119.542
1924 -149.193 118.967
1925 -149.559 118.394
1926 -149.857 117.858
1927 -150.093 117.393
1928 -150.27 117.029
1929 -150.397 116.791
1930 -150.481 116.695
1931 -150.532 116.748
1932 -150.563 116.947
1933 -150.586 117.283
1934 -150.612 117.742
1935 -150.65 118.312
1936 -150.705 118.984
1937 -150.773 119.75
1938 -150.844 120.596
1939 -150.899 121.497
1940 -150.908 122.412
1941 -150.84 123.287
1942 -150.665 124.065
1943 -150.36 124.697
1944 -149.914 125.154
1945 -149.335 125.43
1946 -148.648 125.536
1947 -147.897 125.504
1948 -147.133 125.374
1949 -146.414 125.183
1950 -145.788 124.965
1951 -145.292 124.742
1952 -144.942 124.525
1953 -144.739 124.318
1954 -144.667 124.122
1955 -144.705 123.941
1956 -144.831 123.788
1957 -145.029 123.686
1958 -145.288 123.672
1959 -145.602 123.786
1960 -145.961 124.066
1961 -146.348 124.531
1962 -146.735 125.174
1963 -147.085 125.961
1964 -147.359 126.839
1965 -147.521 127.752
1966 -147.548 128.656
1967 -147.438 129.523
1968 -147.208 130.354
1969 -146.895 131.17
1970 -146.552 131.998
1971 -146.236 132.862
1972 -145.999 133.771
1973 -145.879 134.712
1974 -145.887 135.654
1975 -146.013 136.554
1976 -146.227 137.373
1977 -146.491 138.074
1978 -146.768 138.638
1979 -147.032 139.056
1980 -147.268 139.339
1981 -147.475 139.507
1982 -147.66 139.585
1983 -147.828 139.599
1984 -147.979 139.564
1985 -148.108 139.486
1986 -148.203 139.358
1987 -148.25 139.168
1988 -148.236 138.908
1989 -148.156 138.582
1990 -148.012 138.208
1991 -147.819 137.821
1992 -147.601 137.466
1993 -147.389 137.183
1994 -147.211 137.003
1995 -147.089 136.936
1996 -147.03 136.975
1997 -147.025 137.1
1998 -147.052 137.277
1999 -147.078 137.472
2000 -147.075 137.653
2001 -147.016 137.791
