1 -101.476 116.11
2 -101.283 115.938
3 -101.203 115.77
4 -101.207 115.612
5 -101.256 115.461
6 -101.306 115.306
7 -101.318 115.132
8 -101.259 114.928
9 -101.114 114.69
10 -100.886 114.429
11 -100.596 114.171
12 -100.279 113.954
13 -99.972 113.817
14 -99.7099 113.795
15 -99.5096 113.902
16 -99.3674 114.135
17 -99.2613 114.466
18 -99.1583 114.857
19 -99.0259 115.27
20 -98.8422 115.675
21 -98.6006 116.052
22 -98.3096 116.398
23 -97.9854 116.717
24 -97.6431 117.012
25 -97.2901 117.277
26 -96.9209 117.496
27 -96.519 117.642
28 -96.0607 117.686
29 -95.5249 117.599
30 -94.9025 117.367
31 -94.2023 116.988
32 -93.4567 116.483
33 -92.7171 115.884
34 -92.0478 115.239
35 -91.516 114.597
36 -91.1775 114.006
37 -91.0643 113.5
38 -91.1776 113.097
39 -91.4892 112.798
40 -91.951 112.589
41 -92.5085 112.455
42 -93.1129 112.385
43 -93.7314 112.38
44 -94.3491 112.45
45 -94.9633 112.613
46 -95.5758 112.879
47 -96.1846 113.25
48 -96.78 113.714
49 -97.3445 114.246
50 -97.8582 114.818
51 -98.3067 115.407
52 -98.6865 116.001
53 -99.0084 116.596
54 -99.2966 117.198
55 -99.5854 117.818
56 -99.9115 118.462
57 -100.308 119.129
58 -100.796 119.81
59 -101.383 120.484
60 -102.062 121.123
61 -102.808 121.698
62 -103.591 122.178
63 -104.372 122.539
64 -105.113 122.763
65 -105.782 122.845
66 -106.356 122.787
67 -106.824 122.602
68 -107.184 122.313
69 -107.441 121.945
70 -107.602 121.528
71 -107.673 121.096
72 -107.656 120.68
73 -107.547 120.311
74 -107.341 120.013
75 -107.039 119.807
76 -106.648 119.704
77 -106.19 119.714
78 -105.699 119.841
79 -105.213 120.092
80 -104.771 120.474
81 -104.401 120.993
82 -104.122 121.651
83 -103.934 122.439
84 -103.824 123.34
85 -103.765 124.318
86 -103.726 125.33
87 -103.678 126.329
88 -103.603 127.274
89 -103.497 128.142
90 -103.377 128.924
91 -103.279 129.628
92 -103.251 130.27
93 -103.348 130.87
94 -103.615 131.442
95 -104.081 131.982
96 -104.749 132.476
97 -105.597 132.892
98 -106.589 133.195
99 -107.68 133.353
100 -108.831 133.346
101 -110.011 133.172
102 -111.202 132.848
103 -112.391 132.407
104 -113.566 131.89
105 -114.709 131.338
106 -115.791 130.777
107 -116.774 130.217
108 -117.612 129.652
109 -118.257 129.066
110 -118.666 128.445
111 -118.808 127.791
112 -118.667 127.119
113 -118.248 126.471
114 -117.584 125.9
115 -116.727 125.465
116 -115.748 125.214
117 -114.725 125.175
118 -113.723 125.347
119 -112.78 125.708
120 -111.911 126.215
121 -111.111 126.823
122 -110.365 127.492
123 -109.66 128.194
124 -108.996 128.915
125 -108.38 129.654
126 -107.827 130.419
127 -107.351 131.213
128 -106.96 132.035
129 -106.652 132.874
130 -106.41 133.71
131 -106.214 134.516
132 -106.037 135.269
133 -105.857 135.947
134 -105.663 136.537
135 -105.453 137.037
136 -105.237 137.449
137 -105.033 137.782
138 -104.865 138.042
139 -104.751 138.232
140 -104.698 138.352
141 -104.7 138.395
142 -104.733 138.353
143 -104.765 138.216
144 -104.762 137.977
145 -104.696 137.635
146 -104.555 137.195
147 -104.345 136.676
148 -104.088 136.104
149 -103.823 135.516
150 -103.597 134.956
151 -103.456 134.472
152 -103.438 134.103
153 -103.567 133.878
154 -103.844 133.808
155 -104.251 133.884
156 -104.754 134.084
157 -105.312 134.377
158 -105.889 134.736
159 -106.461 135.14
160 -107.018 135.579
161 -107.563 136.054
162 -108.106 136.57
163 -108.651 137.133
164 -109.19 137.738
165 -109.7 138.373
166 -110.147 139.011
167 -110.49 139.622
168 -110.692 140.177
169 -110.733 140.657
170 -110.609 141.058
171 -110.341 141.393
172 -109.967 141.692
173 -109.539 141.992
174 -109.105 142.328
175 -108.703 142.722
176 -108.35 143.174
177 -108.033 143.661
178 -107.724 144.143
179 -107.385 144.573
180 -106.986 144.912
181 -106.514 145.136
182 -105.981 145.244
183 -105.422 145.253
184 -104.883 145.193
185 -104.416 145.096
186 -104.059 144.985
187 -103.83 144.867
188 -103.725 144.733
189 -103.721 144.563
190 -103.79 144.338
191 -103.908 144.046
192 -104.066 143.69
193 -104.268 143.292
194 -104.532 142.888
195 -104.884 142.516
196 -105.348 142.212
197 -105.931 141.994
198 -106.622 141.863
199 -107.39 141.803
200 -108.186 141.788
201 -108.954 141.788
202 -109.642 141.782
203 -110.213 141.759
204 -110.648 141.721
205 -110.944 141.682
206 -111.112 141.655
207 -111.165 141.657
208 -111.118 141.69
209 -110.975 141.752
210 -110.733 141.827
211 -110.385 141.895
212 -109.924 141.937
213 -109.352 141.941
214 -108.682 141.903
215 -107.941 141.827
216 -107.17 141.724
217 -106.411 141.606
218 -105.711 141.478
219 -105.109 141.339
220 -104.631 141.18
221 -104.283 140.987
222 -104.055 140.745
223 -103.921 140.444
224 -103.844 140.08
225 -103.786 139.658
226 -103.714 139.19
227 -103.606 138.691
228 -103.46 138.184
229 -103.29 137.69
230 -103.124 137.236
231 -102.999 136.846
232 -102.951 136.541
233 -103.008 136.337
234 -103.186 136.242
235 -103.487 136.254
236 -103.901 136.362
237 -104.415 136.549
238 -105.013 136.798
239 -105.685 137.098
240 -106.428 137.442
241 -107.245 137.834
242 -108.141 138.278
243 -109.118 138.777
244 -110.17 139.331
245 -111.276 139.925
246 -112.407 140.536
247 -113.524 141.132
248 -114.591 141.678
249 -115.577 142.144
250 -116.466 142.509
251 -117.251 142.769
252 -117.937 142.93
253 -118.537 143.014
254 -119.063 143.044
255 -119.522 143.039
256 -119.911 143.005
257 -120.223 142.93
258 -120.445 142.791
259 -120.572 142.558
260 -120.603 142.21
261 -120.553 141.74
262 -120.445 141.165
263 -120.312 140.523
264 -120.187 139.865
265 -120.096 139.247
266 -120.055 138.712
267 -120.061 138.284
268 -120.097 137.962
269 -120.139 137.725
270 -120.165 137.545
271 -120.162 137.398
272 -120.135 137.275
273 -120.109 137.183
274 -120.129 137.144
275 -120.249 137.186
276 -120.52 137.334
277 -120.982 137.599
278 -121.644 137.973
279 -122.492 138.429
280 -123.487 138.927
281 -124.58 139.424
282 -125.729 139.887
283 -126.9 140.293
284 -128.074 140.638
285 -129.247 140.932
286 -130.419 141.195
287 -131.585 141.45
288 -132.733 141.713
289 -133.84 141.992
290 -134.872 142.281
291 -135.794 142.564
292 -136.569 142.82
293 -137.172 143.029
294 -137.587 143.177
295 -137.814 143.259
296 -137.873 143.28
297 -137.797 143.251
298 -137.627 143.185
299 -137.408 143.095
300 -137.177 142.994
301 -136.956 142.887
302 -136.75 142.78
303 -136.548 142.672
304 -136.331 142.563
305 -136.078 142.446
306 -135.773 142.317
307 -135.41 142.176
308 -134.994 142.026
309 -134.539 141.882
310 -134.064 141.764
311 -133.591 141.697
312 -133.136 141.703
313 -132.706 141.795
314 -132.298 141.972
315 -131.898 142.22
316 -131.486 142.513
317 -131.046 142.825
318 -130.57 143.131
319 -130.064 143.418
320 -129.546 143.683
321 -129.045 143.933
322 -128.589 144.179
323 -128.201 144.431
324 -127.886 144.691
325 -127.636 144.951
326 -127.43 145.19
327 -127.245 145.38
328 -127.059 145.488
329 -126.861 145.49
330 -126.652 145.374
331 -126.447 145.141
332 -126.267 144.809
333 -126.133 144.402
334 -126.058 143.944
335 -126.041 143.451
336 -126.067 142.929
337 -126.106 142.368
338 -126.123 141.756
339 -126.087 141.08
340 -125.981 140.339
341 -125.803 139.549
342 -125.576 138.741
343 -125.334 137.963
344 -125.119 137.264
345 -124.965 136.688
346 -124.89 136.258
347 -124.888 135.979
348 -124.933 135.833
349 -124.989 135.789
350 -125.014 135.815
351 -124.981 135.888
352 -124.877 135.998
353 -124.709 136.15
354 -124.498 136.359
355 -124.265 136.638
356 -124.027 136.989
357 -123.782 137.398
358 -123.516 137.832
359 -123.202 138.25
360 -122.816 138.607
361 -122.343 138.868
362 -121.784 139.015
363 -121.159 139.048
364 -120.502 138.983
365 -119.858 138.846
366 -119.272 138.665
367 -118.785 138.461
368 -118.42 138.245
369 -118.188 138.014
370 -118.077 137.756
371 -118.067 137.454
372 -118.125 137.096
373 -118.222 136.682
374 -118.331 136.223
375 -118.433 135.744
376 -118.517 135.272
377 -118.575 134.836
378 -118.599 134.457
379 -118.578 134.142
380 -118.492 133.891
381 -118.322 133.695
382 -118.047 133.549
383 -117.658 133.45
384 -117.163 133.409
385 -116.586 133.442
386 -115.972 133.573
387 -115.37 133.826
388 -114.831 134.218
389 -114.392 134.755
390 -114.076 135.432
391 -113.885 136.231
392 -113.807 137.121
393 -113.824 138.066
394 -113.909 139.034
395 -114.037 139.99
396 -114.186 140.905
397 -114.333 141.754
398 -114.463 142.519
399 -114.564 143.188
400 -114.631 143.752
401 -114.661 144.205
402 -114.659 144.543
403 -114.627 144.764
404 -114.571 144.868
405 -114.492 144.858
406 -114.393 144.736
407 -114.276 144.505
408 -114.141 144.168
409 -113.997 143.735
410 -113.851 143.218
411 -113.713 142.635
412 -113.586 142.006
413 -113.472 141.356
414 -113.359 140.702
415 -113.229 140.055
416 -113.058 139.411
417 -112.818 138.76
418 -112.484 138.086
419 -112.043 137.381
420 -111.49 136.646
421 -110.84 135.897
422 -110.124 135.167
423 -109.387 134.495
424 -108.681 133.916
425 -108.06 133.457
426 -107.567 133.126
427 -107.228 132.91
428 -107.053 132.782
429 -107.037 132.706
430 -107.166 132.652
431 -107.428 132.596
432 -107.814 132.532
433 -108.318 132.466
434 -108.936 132.413
435 -109.655 132.387
436 -110.452 132.395
437 -111.295 132.428
438 -112.146 132.467
439 -112.967 132.484
440 -113.734 132.453
441 -114.435 132.361
442 -115.069 132.213
443 -115.644 132.033
444 -116.172 131.857
445 -116.663 131.727
446 -117.118 131.678
447 -117.536 131.729
448 -117.913 131.876
449 -118.241 132.096
450 -118.512 132.352
451 -118.716 132.602
452 -118.849 132.806
453 -118.911 132.937
454 -118.91 132.981
455 -118.859 132.932
456 -118.778 132.79
457 -118.681 132.555
458 -118.581 132.225
459 -118.482 131.796
460 -118.386 131.261
461 -118.294 130.622
462 -118.212 129.884
463 -118.151 129.064
464 -118.132 128.189
465 -118.181 127.295
466 -118.326 126.421
467 -118.589 125.613
468 -118.984 124.907
469 -119.51 124.335
470 -120.154 123.92
471 -120.89 123.677
472 -121.682 123.612
473 -122.492 123.723
474 -123.28 123.998
475 -124.017 124.423
476 -124.678 124.974
477 -125.256 125.628
478 -125.751 126.357
479 -126.173 127.138
480 -126.536 127.95
481 -126.853 128.776
482 -127.136 129.605
483 -127.391 130.43
484 -127.62 131.241
485 -127.825 132.032
486 -128.009 132.789
487 -128.178 133.498
488 -128.345 134.143
489 -128.529 134.715
490 -128.747 135.206
491 -129.012 135.615
492 -129.331 135.946
493 -129.699 136.203
494 -130.105 136.387
495 -130.526 136.494
496 -130.937 136.507
497 -131.311 136.403
498 -131.624 136.159
499 -131.858 135.752
500 -132.003 135.173
501 -132.06 134.428
502 -132.04 133.543
503 -131.961 132.561
504 -131.845 131.533
505 -131.708 130.508
506 -131.561 129.526
507 -131.405 128.609
508 -131.237 127.763
509 -131.055 126.984
510 -130.867 126.271
511 -130.689 125.63
512 -130.546 125.081
513 -130.467 124.652
514 -130.477 124.371
515 -130.588 124.254
516 -130.8 124.294
517 -131.1 124.462
518 -131.466 124.71
519 -131.873 124.985
520 -132.302 125.24
521 -132.741 125.446
522 -133.19 125.597
523 -133.658 125.71
524 -134.154 125.814
525 -134.688 125.943
526 -135.259 126.122
527 -135.856 126.358
528 -136.454 126.637
529 -137.021 126.927
530 -137.52 127.191
531 -137.919 127.392
532 -138.196 127.51
533 -138.337 127.541
534 -138.343 127.501
535 -138.223 127.417
536 -137.995 127.32
537 -137.68 127.23
538 -137.298 127.156
539 -136.862 127.088
540 -136.38 127.007
541 -135.851 126.891
542 -135.271 126.727
543 -134.637 126.516
544 -133.95 126.277
545 -133.222 126.042
546 -132.481 125.853
547 -131.768 125.747
548 -131.131 125.754
549 -130.618 125.89
550 -130.262 126.156
551 -130.078 126.542
552 -130.058 127.029
553 -130.18 127.597
554 -130.414 128.225
555 -130.725 128.898
556 -131.085 129.6
557 -131.467 130.315
558 -131.847 131.025
559 -132.208 131.714
560 -132.529 132.364
561 -132.79 132.963
562 -132.971 133.506
563 -133.047 133.992
564 -132.993 134.428
565 -132.788 134.822
566 -132.417 135.184
567 -131.876 135.521
568 -131.177 135.834
569 -130.345 136.125
570 -129.412 136.393
571 -128.415 136.64
572 -127.391 136.869
573 -126.369 137.085
574 -125.37 137.292
575 -124.412 137.488
576 -123.504 137.666
577 -122.652 137.811
578 -121.858 137.907
579 -121.128 137.939
580 -120.471 137.902
581 -119.905 137.803
582 -119.456 137.666
583 -119.151 137.522
584 -119.015 137.406
585 -119.055 137.344
586 -119.256 137.35
587 -119.581 137.418
588 -119.977 137.533
589 -120.394 137.67
590 -120.789 137.812
591 -121.137 137.95
592 -121.425 138.089
593 -121.649 138.242
594 -121.81 138.428
595 -121.905 138.658
596 -121.932 138.93
597 -121.881 139.229
598 -121.743 139.527
599 -121.502 139.79
600 -121.143 139.989
601 -120.65 140.104
602 -120.014 140.134
603 -119.232 140.091
604 -118.313 139.996
605 -117.28 139.876
606 -116.167 139.749
607 -115.012 139.623
608 -113.847 139.491
609 -112.694 139.336
610 -111.565 139.136
611 -110.469 138.875
612 -109.415 138.549
613 -108.42 138.167
614 -107.506 137.756
615 -106.697 137.345
616 -106.012 136.966
617 -105.458 136.641
618 -105.03 136.377
619 -104.706 136.171
620 -104.458 136.01
621 -104.251 135.887
622 -104.053 135.797
623 -103.833 135.75
624 -103.569 135.765
625 -103.253 135.862
626 -102.89 136.061
627 -102.502 136.37
628 -102.114 136.787
629 -101.75 137.292
630 -101.421 137.861
631 -101.126 138.464
632 -100.851 139.075
633 -100.578 139.674
634 -100.297 140.252
635 -100 140.804
636 -99.692 141.328
637 -99.3817 141.825
638 -99.0821 142.292
639 -98.8069 142.724
640 -98.5666 143.12
641 -98.3685 143.479
642 -98.218 143.804
643 -98.1182 144.101
644 -98.0704 144.378
645 -98.0744 144.637
646 -98.1276 144.882
647 -98.2237 145.107
648 -98.3545 145.309
649 -98.5095 145.481
650 -98.6761 145.618
651 -98.8399 145.718
652 -98.983 145.779
653 -99.0819 145.798
654 -99.1082 145.772
655 -99.03 145.694
656 -98.8158 145.555
657 -98.4397 145.344
658 -97.888 145.055
659 -97.1639 144.692
660 -96.2927 144.27
661 -95.3208 143.825
662 -94.3134 143.405
663 -93.3459 143.064
664 -92.4927 142.856
665 -91.8144 142.812
666 -91.3479 142.943
667 -91.1058 143.232
668 -91.0793 143.644
669 -91.248 144.137
670 -91.5911 144.673
671 -92.0946 145.23
672 -92.7506 145.797
673 -93.5573 146.376
674 -94.5097 146.977
675 -95.587 147.595
676 -96.7496 148.212
677 -97.9396 148.792
678 -99.0938 149.289
679 -100.155 149.661
680 -101.079 149.875
681 -101.842 149.917
682 -102.438 149.796
683 -102.88 149.539
684 -103.185 149.187
685 -103.371 148.779
686 -103.45 148.345
687 -103.427 147.898
688 -103.297 147.436
689 -103.053 146.946
690 -102.688 146.41
691 -102.195 145.819
692 -101.576 145.171
693 -100.836 144.481
694 -99.9916 143.775
695 -99.063 143.081
696 -98.0766 142.43
697 -97.0595 141.844
698 -96.0333 141.337
699 -95.0121 140.914
700 -94.0051 140.576
701 -93.0203 140.323
702 -92.0701 140.162
703 -91.1778 140.106
704 -90.3775 140.173
705 -89.708 140.381
706 -89.2046 140.739
707 -88.8891 141.245
708 -88.7656 141.876
709 -88.8211 142.599
710 -89.028 143.368
711 -89.3511 144.14
712 -89.7505 144.877
713 -90.1864 145.549
714 -90.6208 146.134
715 -91.0201 146.615
716 -91.357 146.982
717 -91.6109 147.226
718 -91.7673 147.343
719 -91.817 147.336
720 -91.7528 147.215
721 -91.5676 146.998
722 -91.2558 146.71
723 -90.8139 146.38
724 -90.2432 146.032
725 -89.553 145.686
726 -88.7595 145.351
727 -87.8832 145.029
728 -86.9488 144.717
729 -85.9823 144.414
730 -85.01 144.122
731 -84.0574 143.85
732 -83.1488 143.612
733 -82.3065 143.427
734 -81.5438 143.309
735 -80.861 143.263
736 -80.2432 143.282
737 -79.6644 143.347
738 -79.0967 143.438
739 -78.5198 143.531
740 -77.924 143.616
741 -77.3142 143.693
742 -76.7057 143.775
743 -76.1191 143.882
744 -75.5714 144.029
745 -75.0658 144.221
746 -74.5894 144.448
747 -74.1157 144.683
748 -73.6082 144.888
749 -73.0301 145.024
750 -72.3526 145.062
751 -71.5597 144.985
752 -70.652 144.795
753 -69.6422 144.508
754 -68.5495 144.147
755 -67.3969 143.735
756 -66.2014 143.284
757 -64.9742 142.796
758 -63.7195 142.262
759 -62.4418 141.676
760 -61.1561 141.038
761 -59.8984 140.365
762 -58.7278 139.691
763 -57.7252 139.059
764 -56.9792 138.517
765 -56.5665 138.099
766 -56.5339 137.822
767 -56.8878 137.684
768 -57.5941 137.662
769 -58.5887 137.729
770 -59.7924 137.852
771 -61.1256 138.008
772 -62.5178 138.183
773 -63.9138 138.378
774 -65.2719 138.597
775 -66.5576 138.85
776 -67.7399 139.143
777 -68.7868 139.47
778 -69.6619 139.819
779 -70.3259 140.167
780 -70.7436 140.495
781 -70.8872 140.787
782 -70.7424 141.045
783 -70.3125 141.279
784 -69.6221 141.515
785 -68.7183 141.779
786 -67.6662 142.095
787 -66.5414 142.475
788 -65.421 142.917
789 -64.3742 143.405
790 -63.4534 143.914
791 -62.6938 144.42
792 -62.1128 144.902
793 -61.7156 145.345
794 -61.4984 145.739
795 -61.4525 146.078
796 -61.5674 146.358
797 -61.8322 146.575
798 -62.2357 146.728
799 -62.7639 146.815
800 -63.3973 146.839
801 -64.1085 146.804
802 -64.8613 146.715
803 -65.6106 146.575
804 -66.3081 146.385
805 -66.9075 146.146
806 -67.3727 145.855
807 -67.6836 145.512
808 -67.8371 145.122
809 -67.8451 144.698
810 -67.7321 144.259
811 -67.5276 143.831
812 -67.2573 143.442
813 -66.9364 143.111
814 -66.5667 142.849
815 -66.1365 142.65
816 -65.6266 142.498
817 -65.0198 142.365
818 -64.3106 142.229
819 -63.5131 142.077
820 -62.6647 141.911
821 -61.8243 141.754
822 -61.0636 141.638
823 -60.4502 141.595
824 -60.031 141.646
825 -59.8225 141.786
826 -59.8052 141.989
827 -59.9335 142.211
828 -60.1503 142.4
829 -60.4049 142.516
830 -60.6649 142.537
831 -60.9192 142.459
832 -61.1742 142.304
833 -61.444 142.1
834 -61.74 141.883
835 -62.0616 141.676
836 -62.3908 141.493
837 -62.6924 141.331
838 -62.9208 141.175
839 -63.0287 141.007
840 -62.9771 140.814
841 -62.7444 140.597
842 -62.3322 140.369
843 -61.77 140.162
844 -61.1109 140.012
845 -60.4202 139.955
846 -59.76 140.01
847 -59.1743 140.175
848 -58.6769 140.425
849 -58.253 140.719
850 -57.871 141.009
851 -57.4974 141.254
852 -57.11 141.428
853 -56.706 141.523
854 -56.3019 141.544
855 -55.9268 141.505
856 -55.6153 141.417
857 -55.3961 141.285
858 -55.2865 141.103
859 -55.2904 140.864
860 -55.3987 140.555
861 -55.5938 140.174
862 -55.8542 139.724
863 -56.1603 139.22
864 -56.4973 138.689
865 -56.8597 138.162
866 -57.2512 137.674
867 -57.6833 137.257
868 -58.1668 136.941
869 -58.7044 136.746
870 -59.2841 136.683
871 -59.8771 136.753
872 -60.441 136.948
873 -60.929 137.256
874 -61.2998 137.657
875 -61.5266 138.131
876 -61.6002 138.656
877 -61.5303 139.21
878 -61.3381 139.776
879 -61.0535 140.339
880 -60.7073 140.891
881 -60.3261 141.422
882 -59.9279 141.925
883 -59.5221 142.388
884 -59.1104 142.79
885 -58.6879 143.109
886 -58.2511 143.324
887 -57.8036 143.413
888 -57.3602 143.37
889 -56.9467 143.195
890 -56.5974 142.903
891 -56.348 142.518
892 -56.2247 142.063
893 -56.2366 141.556
894 -56.372 141.008
895 -56.5996 140.415
896 -56.8769 139.766
897 -57.1612 139.045
898 -57.4195 138.245
899 -57.6361 137.373
900 -57.8169 136.455
901 -57.9849 135.534
902 -58.1722 134.671
903 -58.4067 133.928
904 -58.7015 133.353
905 -59.0453 132.978
906 -59.4061 132.803
907 -59.7397 132.806
908 -60.0044 132.947
909 -60.1757 133.188
910 -60.2548 133.499
911 -60.2703 133.869
912 -60.2712 134.302
913 -60.3117 134.805
914 -60.4364 135.383
915 -60.6665 136.02
916 -60.9949 136.687
917 -61.3916 137.339
918 -61.8137 137.925
919 -62.2197 138.404
920 -62.5807 138.753
921 -62.8877 138.968
922 -63.1508 139.071
923 -63.3941 139.094
924 -63.6473 139.075
925 -63.9318 139.044
926 -64.2534 139.016
927 -64.5962 138.985
928 -64.9251 138.932
929 -65.1944 138.826
930 -65.3568 138.64
931 -65.3742 138.359
932 -65.2256 137.986
933 -64.9112 137.537
934 -64.4536 137.047
935 -63.8932 136.551
936 -63.2825 136.084
937 -62.6763 135.673
938 -62.1213 135.333
939 -61.6483 135.071
940 -61.2703 134.886
941 -60.9818 134.773
942 -60.7704 134.729
943 -60.6258 134.752
944 -60.5523 134.842
945 -60.5733 134.999
946 -60.7265 135.22
947 -61.0526 135.502
948 -61.5812 135.837
949 -62.3183 136.215
950 -63.2422 136.619
951 -64.3054 137.031
952 -65.443 137.427
953 -66.585 137.786
954 -67.6674 138.088
955 -68.6404 138.317
956 -69.4742 138.465
957 -70.1607 138.533
958 -70.7096 138.533
959 -71.1448 138.488
960 -71.4951 138.428
961 -71.7855 138.389
962 -72.0294 138.4
963 -72.2246 138.482
964 -72.3544 138.637
965 -72.3966 138.853
966 -72.3317 139.105
967 -72.1535 139.364
968 -71.8735 139.607
969 -71.5227 139.82
970 -71.148 140.006
971 -70.802 140.177
972 -70.5336 140.349
973 -70.3748 140.528
974 -70.3337 140.71
975 -70.3937 140.871
976 -70.5203 140.978
977 -70.6748 140.993
978 -70.8284 140.887
979 -70.9738 140.651
980 -71.1275 140.295
981 -71.3246 139.851
982 -71.605 139.361
983 -71.9958 138.868
984 -72.5 138.398
985 -73.09 137.962
986 -73.7174 137.546
987 -74.3244 137.125
988 -74.8609 136.671
989 -75.296 136.164
990 -75.6198 135.603
991 -75.8422 135.007
992 -75.9875 134.409
993 -76.0857 133.847
994 -76.1622 133.351
995 -76.2318 132.937
996 -76.2911 132.601
997 -76.3204 132.318
998 -76.2876 132.059
999 -76.1582 131.798
1000 -75.907 131.521
1001 -75.5282 131.236
1002 -75.041 130.97
1003 -74.4882 130.762
1004 -73.9262 130.653
1005 -73.4084 130.671
1006 -72.9681 130.819
1007 -72.6096 131.073
1008 -72.309 131.389
1009 -72.0255 131.716
1010 -71.7173 132.007
1011 -71.3536 132.23
1012 -70.9232 132.372
1013 -70.4378 132.438
1014 -69.9283 132.44
1015 -69.4352 132.394
1016 -68.9998 132.312
1017 -68.6542 132.198
1018 -68.4123 132.047
1019 -68.268 131.85
1020 -68.1959 131.596
1021 -68.1576 131.278
1022 -68.1109 130.895
1023 -68.0214 130.456
1024 -67.8718 129.981
1025 -67.6679 129.495
1026 -67.4351 129.036
1027 -67.2094 128.64
1028 -67.0221 128.34
1029 -66.886 128.156
1030 -66.789 128.093
1031 -66.6951 128.138
1032 -66.5524 128.266
1033 -66.3089 128.445
1034 -65.9246 128.64
1035 -65.3829 128.826
1036 -64.695 128.983
1037 -63.8981 129.108
1038 -63.0514 129.205
1039 -62.2249 129.292
1040 -61.4869 129.389
1041 -60.8924 129.517
1042 -60.4721 129.687
1043 -60.227 129.896
1044 -60.1321 130.129
1045 -60.1454 130.36
1046 -60.2218 130.561
1047 -60.327 130.713
1048 -60.4442 130.808
1049 -60.576 130.856
1050 -60.7388 130.882
1051 -60.9517 130.916
1052 -61.2238 130.982
1053 -61.5441 131.087
1054 -61.8783 131.219
1055 -62.173 131.347
1056 -62.3689 131.431
1057 -62.4171 131.435
1058 -62.2947 131.341
1059 -62.0161 131.154
1060 -61.6327 130.907
1061 -61.2246 130.651
1062 -60.88 130.443
1063 -60.6707 130.332
1064 -60.6321 130.341
1065 -60.7563 130.466
1066 -60.9999 130.677
1067 -61.304 130.933
1068 -61.6156 131.193
1069 -61.9014 131.429
1070 -62.1524 131.635
1071 -62.381 131.825
1072 -62.6117 132.026
1073 -62.8726 132.264
1074 -63.1836 132.56
1075 -63.5492 132.916
1076 -63.9551 133.317
1077 -64.3707 133.732
1078 -64.757 134.127
1079 -65.0759 134.475
1080 -65.2995 134.764
1081 -65.4174 134.998
1082 -65.4388 135.197
1083 -65.3891 135.389
1084 -65.3009 135.602
1085 -65.2047 135.852
1086 -65.1201 136.139
1087 -65.0519 136.45
1088 -64.9931 136.763
1089 -64.9311 137.054
1090 -64.8561 137.312
1091 -64.766 137.532
1092 -64.6694 137.722
1093 -64.5847 137.893
1094 -64.5359 138.054
1095 -64.5467 138.207
1096 -64.6365 138.349
1097 -64.8162 138.472
1098 -65.0866 138.564
1099 -65.4392 138.616
1100 -65.8576 138.623
1101 -66.3192 138.582
1102 -66.7985 138.495
1103 -67.2676 138.364
1104 -67.6984 138.192
1105 -68.0653 137.981
1106 -68.3467 137.734
1107 -68.5279 137.453
1108 -68.6001 137.142
1109 -68.5617 136.808
1110 -68.4155 136.465
1111 -68.1682 136.131
1112 -67.8276 135.828
1113 -67.401 135.577
1114 -66.8962 135.393
1115 -66.3246 135.28
1116 -65.7022 135.239
1117 -65.0519 135.264
1118 -64.403 135.353
1119 -63.7915 135.509
1120 -63.2583 135.743
1121 -62.8443 136.066
1122 -62.5831 136.487
1123 -62.492 137.003
1124 -62.566 137.596
1125 -62.7771 138.229
1126 -63.0786 138.855
1127 -63.4163 139.426
1128 -63.7389 139.897
1129 -64.0051 140.235
1130 -64.1888 140.423
1131 -64.2766 140.457
1132 -64.2649 140.344
1133 -64.1551 140.092
1134 -63.9506 139.71
1135 -63.6574 139.205
1136 -63.2867 138.587
1137 -62.8585 137.868
1138 -62.4047 137.072
1139 -61.9679 136.231
1140 -61.5972 135.385
1141 -61.3386 134.576
1142 -61.2265 133.841
1143 -61.2747 133.206
1144 -61.4738 132.68
1145 -61.7936 132.261
1146 -62.1905 131.932
1147 -62.6175 131.671
1148 -63.0326 131.459
1149 -63.4047 131.281
1150 -63.7169 131.136
1151 -63.9628 131.03
1152 -64.1409 130.976
1153 -64.2485 130.979
1154 -64.2773 131.037
1155 -64.2129 131.132
1156 -64.0403 131.238
1157 -63.7518 131.328
1158 -63.3562 131.388
1159 -62.8835 131.418
1160 -62.3871 131.438
1161 -61.9382 131.481
1162 -61.614 131.583
1163 -61.4806 131.769
1164 -61.5769 132.046
1165 -61.9083 132.4
1166 -62.446 132.797
1167 -63.1345 133.192
1168 -63.9109 133.542
1169 -64.7187 133.811
1170 -65.5146 133.979
1171 -66.2743 134.039
1172 -66.9884 133.996
1173 -67.6584 133.857
1174 -68.2887 133.632
1175 -68.8793 133.323
1176 -69.4245 132.933
1177 -69.9146 132.46
1178 -70.34 131.909
1179 -70.6957 131.294
1180 -70.9831 130.638
1181 -71.2116 129.973
1182 -71.3979 129.335
1183 -71.5638 128.759
1184 -71.7324 128.277
1185 -71.9257 127.909
1186 -72.1591 127.661
1187 -72.4374 127.532
1188 -72.7517 127.508
1189 -73.0803 127.573
1190 -73.3906 127.709
1191 -73.6465 127.902
1192 -73.8158 128.138
1193 -73.8794 128.407
1194 -73.8351 128.701
1195 -73.6966 129.009
1196 -73.4902 129.321
1197 -73.2463 129.631
1198 -72.9929 129.932
1199 -72.75 130.225
1200 -72.5272 130.51
1201 -72.3254 130.79
1202 -72.1391 131.066
1203 -71.9595 131.331
1204 -71.7775 131.574
1205 -71.5855 131.776
1206 -71.3789 131.92
1207 -71.1546 131.987
1208 -70.9114 131.97
1209 -70.647 131.866
1210 -70.3568 131.681
1211 -70.0297 131.421
1212 -69.647 131.088
1213 -69.1845 130.679
1214 -68.6171 130.184
1215 -67.9242 129.591
1216 -67.0978 128.893
1217 -66.146 128.096
1218 -65.0991 127.226
1219 -64.0058 126.328
1220 -62.9246 125.459
1221 -61.9141 124.676
1222 -61.0225 124.029
1223 -60.2772 123.547
1224 -59.6799 123.239
1225 -59.2123 123.092
1226 -58.8415 123.08
1227 -58.53 123.176
1228 -58.2431 123.354
1229 -57.9542 123.6
1230 -57.6462 123.91
1231 -57.3083 124.286
1232 -56.9306 124.726
1233 -56.5023 125.217
1234 -56.0073 125.732
1235 -55.4288 126.233
1236 -54.7519 126.674
1237 -53.9686 127.02
1238 -53.0868 127.252
1239 -52.1329 127.367
1240 -51.1494 127.385
1241 -50.191 127.335
1242 -49.3126 127.243
1243 -48.5611 127.127
1244 -47.9644 126.99
1245 -47.5204 126.819
1246 -47.2001 126.592
1247 -46.9546 126.285
1248 -46.7275 125.876
1249 -46.4657 125.355
1250 -46.1286 124.726
1251 -45.6915 124
1252 -45.143 123.197
1253 -44.4813 122.338
1254 -43.7076 121.444
1255 -42.8172 120.524
1256 -41.8007 119.583
1257 -40.6483 118.627
1258 -39.3564 117.665
1259 -37.9364 116.721
1260 -36.4219 115.829
1261 -34.8693 115.034
1262 -33.353 114.381
1263 -31.954 113.908
1264 -30.7476 113.635
1265 -29.786 113.564
1266 -29.0925 113.675
1267 -28.6573 113.941
1268 -28.4466 114.323
1269 -28.4118 114.785
1270 -28.4967 115.296
1271 -28.6502 115.831
1272 -28.8345 116.376
1273 -29.0296 116.921
1274 -29.2324 117.466
1275 -29.4542 118.015
1276 -29.7093 118.572
1277 -30.0082 119.143
1278 -30.3502 119.723
1279 -30.722 120.304
1280 -31.1009 120.875
1281 -31.4623 121.421
1282 -31.7871 121.932
1283 -32.0713 122.402
1284 -32.329 122.831
1285 -32.5903 123.225
1286 -32.8945 123.592
1287 -33.2808 123.942
1288 -33.7779 124.284
1289 -34.3992 124.623
1290 -35.1377 124.963
1291 -35.9691 125.298
1292 -36.8559 125.619
1293 -37.7564 125.915
1294 -38.6335 126.175
1295 -39.4607 126.388
1296 -40.2272 126.553
1297 -40.9358 126.679
1298 -41.6007 126.784
1299 -42.2397 126.894
1300 -42.8643 127.036
1301 -43.4716 127.231
1302 -44.0443 127.485
1303 -44.5536 127.79
1304 -44.9665 128.123
1305 -45.2579 128.452
1306 -45.4173 128.748
1307 -45.454 128.993
1308 -45.3966 129.187
1309 -45.2889 129.345
1310 -45.1808 129.493
1311 -45.1163 129.66
1312 -45.1249 129.864
1313 -45.2141 130.107
1314 -45.371 130.374
1315 -45.5686 130.643
1316 -45.7765 130.887
1317 -45.9717 131.09
1318 -46.144 131.252
1319 -46.3007 131.389
1320 -46.462 131.531
1321 -46.656 131.711
1322 -46.9098 131.962
1323 -47.2425 132.299
1324 -47.6588 132.721
1325 -48.1478 133.208
1326 -48.6853 133.724
1327 -49.2402 134.231
1328 -49.7836 134.695
1329 -50.2952 135.093
1330 -50.7665 135.42
1331 -51.2012 135.684
1332 -51.6125 135.899
1333 -52.0157 136.081
1334 -52.4224 136.235
1335 -52.8342 136.358
1336 -53.2396 136.438
1337 -53.6151 136.455
1338 -53.9277 136.397
1339 -54.1448 136.256
1340 -54.2419 136.04
1341 -54.2121 135.764
1342 -54.0697 135.453
1343 -53.8482 135.126
1344 -53.592 134.798
1345 -53.3444 134.473
1346 -53.1364 134.15
1347 -52.9807 133.822
1348 -52.8734 133.481
1349 -52.7985 133.126
1350 -52.7341 132.76
1351 -52.6588 132.389
1352 -52.5577 132.022
1353 -52.424 131.674
1354 -52.2578 131.355
1355 -52.0645 131.078
1356 -51.8492 130.853
1357 -51.6131 130.691
1358 -51.3508 130.597
1359 -51.0507 130.578
1360 -50.695 130.635
1361 -50.2682 130.77
1362 -49.7629 130.979
1363 -49.1853 131.259
1364 -48.5574 131.6
1365 -47.9142 131.99
1366 -47.2964 132.417
1367 -46.7436 132.871
1368 -46.2857 133.345
1369 -45.9398 133.837
1370 -45.7129 134.347
1371 -45.6023 134.871
1372 -45.5999 135.402
1373 -45.6961 135.928
1374 -45.8844 136.435
1375 -46.1633 136.91
1376 -46.5389 137.347
1377 -47.0261 137.753
1378 -47.6447 138.144
1379 -48.4137 138.544
1380 -49.3445 138.975
1381 -50.4327 139.455
1382 -51.6535 139.984
1383 -52.959 140.548
1384 -54.2883 141.117
1385 -55.5813 141.658
1386 -56.7914 142.143
1387 -57.8924 142.555
1388 -58.8825 142.897
1389 -59.7794 143.188
1390 -60.6088 143.455
1391 -61.3959 143.726
1392 -62.1552 144.021
1393 -62.8892 144.345
1394 -63.5894 144.689
1395 -64.2358 145.035
1396 -64.8056 145.363
1397 -65.2796 145.659
1398 -65.6482 145.922
1399 -65.9135 146.166
1400 -66.0908 146.416
1401 -66.2044 146.7
1402 -66.2812 147.041
1403 -66.3407 147.447
1404 -66.3897 147.906
1405 -66.417 148.392
1406 -66.3989 148.869
1407 -66.3079 149.302
1408 -66.122 149.672
1409 -65.8339 149.973
1410 -65.454 150.22
1411 -65.0083 150.432
1412 -64.5331 150.633
1413 -64.0641 150.836
1414 -63.63 151.047
1415 -63.2483 151.257
1416 -62.9255 151.452
1417 -62.6597 151.616
1418 -62.4466 151.737
1419 -62.2851 151.81
1420 -62.1781 151.836
1421 -62.1324 151.822
1422 -62.1542 151.772
1423 -62.2453 151.688
1424 -62.4015 151.568
1425 -62.611 151.404
1426 -62.8585 151.19
1427 -63.1278 150.922
1428 -63.4047 150.604
1429 -63.6791 150.247
1430 -63.9447 149.87
1431 -64.1997 149.495
1432 -64.4449 149.145
1433 -64.6843 148.836
1434 -64.9252 148.58
1435 -65.1774 148.384
1436 -65.4522 148.253
1437 -65.7572 148.191
1438 -66.092 148.207
1439 -66.4442 148.306
1440 -66.7877 148.488
1441 -67.0889 148.743
1442 -67.3145 149.044
1443 -67.4397 149.352
1444 -67.4528 149.62
1445 -67.3556 149.801
1446 -67.1602 149.862
1447 -66.8841 149.787
1448 -66.5438 149.582
1449 -66.1511 149.263
1450 -65.711 148.852
1451 -65.2187 148.367
1452 -64.6622 147.814
1453 -64.0233 147.188
1454 -63.2838 146.479
1455 -62.4329 145.679
1456 -61.4753 144.793
1457 -60.4365 143.845
1458 -59.3661 142.875
1459 -58.3337 141.937
1460 -57.4147 141.09
1461 -56.6742 140.384
1462 -56.1509 139.847
1463 -55.8502 139.489
1464 -55.7484 139.295
1465 -55.8063 139.237
1466 -55.9883 139.289
1467 -56.2747 139.429
1468 -56.667 139.654
1469 -57.1824 139.971
1470 -57.8434 140.395
1471 -58.6665 140.936
1472 -59.6528 141.59
1473 -60.7842 142.334
1474 -62.027 143.131
1475 -63.34 143.937
1476 -64.6822 144.711
1477 -66.0143 145.429
1478 -67.3082 146.083
1479 -68.5479 146.685
1480 -69.7228 147.252
1481 -70.8286 147.799
1482 -71.8623 148.329
1483 -72.8161 148.824
1484 -73.6721 149.251
1485 -74.4044 149.564
1486 -74.9824 149.724
1487 -75.3784 149.702
1488 -75.5774 149.494
1489 -75.583 149.121
1490 -75.4185 148.618
1491 -75.1254 148.033
1492 -74.7554 147.411
1493 -74.3597 146.788
1494 -73.9784 146.185
1495 -73.6346 145.614
1496 -73.335 145.082
1497 -73.0736 144.596
1498 -72.8415 144.167
1499 -72.6319 143.814
1500 -72.4448 143.554
1501 -72.2855 143.405
1502 -72.1598 143.377
1503 -72.069 143.47
1504 -72.004 143.67
1505 -71.9444 143.949
1506 -71.8612 144.272
1507 -71.7195 144.598
1508 -71.4846 144.89
1509 -71.1267 145.121
1510 -70.6267 145.274
1511 -69.9823 145.347
1512 -69.2114 145.343
1513 -68.3566 145.275
1514 -67.4816 145.157
1515 -66.6646 145.006
1516 -65.9851 144.839
1517 -65.5111 144.676
1518 -65.2879 144.539
1519 -65.3293 144.443
1520 -65.6186 144.398
1521 -66.1155 144.405
1522 -66.7648 144.452
1523 -67.5098 144.521
1524 -68.3015 144.589
1525 -69.102 144.637
1526 -69.888 144.656
1527 -70.6479 144.648
1528 -71.3759 144.623
1529 -72.0659 144.595
1530 -72.7072 144.574
1531 -73.2815 144.56
1532 -73.7623 144.539
1533 -74.1242 144.491
1534 -74.3495 144.393
1535 -74.4322 144.23
1536 -74.3841 143.998
1537 -74.2359 143.716
1538 -74.0311 143.415
1539 -73.8209 143.137
1540 -73.6516 142.921
1541 -73.5538 142.796
1542 -73.535 142.768
1543 -73.5772 142.823
1544 -73.6437 142.931
1545 -73.6908 143.055
1546 -73.6806 143.163
1547 -73.5919 143.237
1548 -73.4261 143.279
1549 -73.2073 143.31
1550 -72.9749 143.363
1551 -72.7716 143.472
1552 -72.6282 143.662
1553 -72.5542 143.937
1554 -72.5349 144.282
1555 -72.5388 144.668
1556 -72.5325 145.06
1557 -72.4917 145.43
1558 -72.4131 145.769
1559 -72.315 146.084
1560 -72.2319 146.395
1561 -72.2051 146.726
1562 -72.2698 147.093
1563 -72.4464 147.496
1564 -72.7331 147.919
1565 -73.1085 148.328
1566 -73.5372 148.686
1567 -73.98 148.959
1568 -74.4055 149.125
1569 -74.7984 149.18
1570 -75.1634 149.136
1571 -75.5257 149.02
1572 -75.9262 148.862
1573 -76.4108 148.695
1574 -77.0199 148.546
1575 -77.7815 148.435
1576 -78.7022 148.379
1577 -79.7711 148.39
1578 -80.9617 148.482
1579 -82.2385 148.671
1580 -83.5673 148.973
1581 -84.919 149.407
1582 -86.2718 149.985
1583 -87.6093 150.712
1584 -88.9169 151.583
1585 -90.1795 152.577
1586 -91.3766 153.663
1587 -92.4831 154.807
1588 -93.4653 155.967
1589 -94.2831 157.103
1590 -94.9021 158.181
1591 -95.2957 159.177
1592 -95.451 160.073
1593 -95.3712 160.856
1594 -95.0755 161.515
1595 -94.5965 162.045
1596 -93.9742 162.447
1597 -93.2471 162.723
1598 -92.4489 162.884
1599 -91.6053 162.938
1600 -90.7303 162.891
1601 -89.8322 162.748
1602 -88.918 162.508
1603 -87.9962 162.172
1604 -87.0807 161.74
1605 -86.1912 161.225
1606 -85.3536 160.645
1607 -84.5996 160.03
1608 -83.9613 159.414
1609 -83.4667 158.826
1610 -83.1363 158.292
1611 -82.9772 157.826
1612 -82.9803 157.427
1613 -83.1237 157.085
1614 -83.3797 156.786
1615 -83.7244 156.52
1616 -84.1455 156.281
1617 -84.6443 156.08
1618 -85.2292 155.935
1619 -85.9062 155.872
1620 -86.6676 155.916
1621 -87.4871 156.078
1622 -88.3198 156.357
1623 -89.1133 156.728
1624 -89.8184 157.157
1625 -90.395 157.601
1626 -90.8178 158.024
1627 -91.0759 158.404
1628 -91.1729 158.738
1629 -91.1217 159.038
1630 -90.9409 159.324
1631 -90.6485 159.614
1632 -90.2581 159.912
1633 -89.7741 160.205
1634 -89.1901 160.467
1635 -88.4918 160.664
1636 -87.6635 160.769
1637 -86.6984 160.769
1638 -85.6107 160.673
1639 -84.4416 160.507
1640 -83.2569 160.312
1641 -82.1355 160.135
1642 -81.1515 160.016
1643 -80.3547 159.977
1644 -79.759 160.025
1645 -79.3428 160.144
1646 -79.0584 160.31
1647 -78.8475 160.493
1648 -78.6572 160.666
1649 -78.4511 160.817
1650 -78.2138 160.945
1651 -77.9528 161.065
1652 -77.6933 161.201
1653 -77.4699 161.38
1654 -77.3162 161.62
1655 -77.2559 161.927
1656 -77.2946 162.291
1657 -77.4199 162.688
1658 -77.6056 163.085
1659 -77.8181 163.457
1660 -78.0272 163.785
1661 -78.2119 164.064
1662 -78.3664 164.301
1663 -78.501 164.508
1664 -78.6385 164.699
1665 -78.8092 164.885
1666 -79.0419 165.07
1667 -79.3592 165.259
1668 -79.7681 165.454
1669 -80.2626 165.661
1670 -80.8238 165.884
1671 -81.4277 166.127
1672 -82.0518 166.389
1673 -82.6812 166.666
1674 -83.3122 166.951
1675 -83.9508 167.245
1676 -84.6092 167.553
1677 -85.2961 167.887
1678 -86.0163 168.265
1679 -86.7629 168.7
1680 -87.5128 169.197
1681 -88.2291 169.749
1682 -88.8677 170.339
1683 -89.3844 170.942
1684 -89.7429 171.533
1685 -89.9241 172.093
1686 -89.9273 172.605
1687 -89.7699 173.061
1688 -89.4802 173.462
1689 -89.0926 173.816
1690 -88.6388 174.137
1691 -88.1426 174.438
1692 -87.6177 174.728
1693 -87.0698 175.006
1694 -86.5037 175.264
1695 -85.9312 175.483
1696 -85.3762 175.646
1697 -84.877 175.74
1698 -84.4828 175.763
1699 -84.2454 175.724
1700 -84.2067 175.635
1701 -84.3904 175.507
1702 -84.7943 175.343
1703 -85.3896 175.136
1704 -86.1271 174.869
1705 -86.9463 174.525
1706 -87.7879 174.087
1707 -88.6021 173.546
1708 -89.3545 172.903
1709 -90.0263 172.172
1710 -90.6132 171.374
1711 -91.1168 170.533
1712 -91.5403 169.678
1713 -91.8805 168.829
1714 -92.1249 168.003
1715 -92.2528 167.207
1716 -92.2405 166.443
1717 -92.069 165.712
1718 -91.7298 165.019
1719 -91.2335 164.375
1720 -90.6097 163.801
1721 -89.9058 163.322
1722 -89.177 162.959
1723 -88.4788 162.724
1724 -87.8571 162.615
1725 -87.3371 162.617
1726 -86.9235 162.704
1727 -86.6048 162.852
1728 -86.3618 163.042
1729 -86.1786 163.264
1730 -86.049 163.524
1731 -85.9814 163.834
1732 -85.9979 164.215
1733 -86.1277 164.682
1734 -86.3984 165.243
1735 -86.8247 165.894
1736 -87.401 166.618
1737 -88.1007 167.389
1738 -88.8787 168.17
1739 -89.6798 168.923
1740 -90.4532 169.614
1741 -91.1593 170.218
1742 -91.775 170.715
1743 -92.2958 171.098
1744 -92.7314 171.368
1745 -93.0963 171.532
1746 -93.4045 171.599
1747 -93.6616 171.577
1748 -93.861 171.473
1749 -93.9848 171.291
1750 -94.0084 171.033
1751 -93.9077 170.702
1752 -93.6677 170.309
1753 -93.2904 169.869
1754 -92.798 169.408
1755 -92.234 168.956
1756 -91.6575 168.55
1757 -91.1352 168.223
1758 -90.7276 168.006
1759 -90.4758 167.916
1760 -90.398 167.961
1761 -90.4867 168.137
1762 -90.7141 168.425
1763 -91.0438 168.8
1764 -91.4416 169.235
1765 -91.888 169.704
1766 -92.3812 170.188
1767 -92.9362 170.68
1768 -93.5764 171.177
1769 -94.3211 171.681
1770 -95.1757 172.192
1771 -96.1237 172.702
1772 -97.1245 173.19
1773 -98.1262 173.63
1774 -99.0772 173.993
1775 -99.9342 174.253
1776 -100.672 174.398
1777 -101.288 174.427
1778 -101.794 174.357
1779 -102.216 174.213
1780 -102.58 174.024
1781 -102.905 173.815
1782 -103.197 173.601
1783 -103.447 173.381
1784 -103.635 173.145
1785 -103.735 172.875
1786 -103.725 172.553
1787 -103.591 172.17
1788 -103.34 171.726
1789 -102.993 171.235
1790 -102.589 170.725
1791 -102.169 170.231
1792 -101.772 169.782
1793 -101.423 169.401
1794 -101.13 169.091
1795 -100.881 168.842
1796 -100.657 168.632
1797 -100.439 168.436
1798 -100.218 168.235
1799 -99.9952 168.021
1800 -99.7852 167.799
1801 -99.6101 167.581
1802 -99.4908 167.384
1803 -99.4423 167.218
1804 -99.4667 167.084
1805 -99.5508 166.97
1806 -99.6676 166.854
1807 -99.7825 166.708
1808 -99.8609 166.507
1809 -99.8739 166.233
1810 -99.807 165.882
1811 -99.6626 165.465
1812 -99.4589 165.003
1813 -99.2261 164.525
1814 -98.9983 164.06
1815 -98.8027 163.628
1816 -98.6532 163.238
1817 -98.5465 162.889
1818 -98.4655 162.571
1819 -98.386 162.27
1820 -98.2867 161.977
1821 -98.1565 161.689
1822 -97.9988 161.409
1823 -97.8305 161.143
1824 -97.6776 160.899
1825 -97.5657 160.683
1826 -97.5124 160.497
1827 -97.5208 160.342
1828 -97.5776 160.214
1829 -97.6536 160.109
1830 -97.71 160.022
1831 -97.7049 159.948
1832 -97.6012 159.885
1833 -97.3726 159.837
1834 -97.0055 159.805
1835 -96.5007 159.797
1836 -95.8703 159.818
1837 -95.1334 159.869
1838 -94.3094 159.951
1839 -93.4143 160.06
1840 -92.4587 160.189
1841 -91.447 160.329
1842 -90.3831 160.468
1843 -89.2675 160.594
1844 -88.1034 160.696
1845 -86.9081 160.765
1846 -85.712 160.799
1847 -84.5569 160.803
1848 -83.4919 160.789
1849 -82.5642 160.775
1850 -81.8105 160.775
1851 -81.2512 160.798
1852 -80.8874 160.839
1853 -80.7029 160.884
1854 -80.6685 160.911
1855 -80.7533 160.897
1856 -80.929 160.826
1857 -81.1742 160.691
1858 -81.4736 160.495
1859 -81.8156 160.246
1860 -82.1884 159.955
1861 -82.5763 159.632
1862 -82.9581 159.284
1863 -83.3086 158.911
1864 -83.5998 158.514
1865 -83.8068 158.091
1866 -83.9114 157.643
1867 -83.9047 157.178
1868 -83.7885 156.711
1869 -83.5754 156.266
1870 -83.2839 155.874
1871 -82.9337 155.566
1872 -82.5396 155.369
1873 -82.1068 155.294
1874 -81.6302 155.333
1875 -81.0962 155.462
1876 -80.4885 155.642
1877 -79.7928 155.833
1878 -79.0062 156.001
1879 -78.1413 156.123
1880 -77.2228 156.191
1881 -76.2862 156.207
1882 -75.3708 156.173
1883 -74.5131 156.089
1884 -73.7394 155.946
1885 -73.062 155.729
1886 -72.4811 155.418
1887 -71.9859 154.997
1888 -71.5639 154.454
1889 -71.2045 153.792
1890 -70.902 153.018
1891 -70.6563 152.153
1892 -70.4715 151.221
1893 -70.3521 150.258
1894 -70.3003 149.304
1895 -70.3093 148.396
1896 -70.3627 147.569
1897 -70.4325 146.847
1898 -70.4848 146.242
1899 -70.4829 145.759
1900 -70.3952 145.397
1901 -70.2009 145.162
1902 -69.8939 145.065
1903 -69.4826 145.118
1904 -68.9882 145.337
1905 -68.438 145.727
1906 -67.8601 146.284
1907 -67.277 146.989
1908 -66.7048 147.818
1909 -66.1531 148.738
1910 -65.6266 149.716
1911 -65.129 150.719
1912 -64.6657 151.719
1913 -64.2479 152.683
1914 -63.8933 153.579
1915 -63.6223 154.38
1916 -63.455 155.066
1917 -63.4075 155.626
1918 -63.4878 156.057
1919 -63.6917 156.358
1920 -64.0021 156.527
1921 -64.3898 156.56
1922 -64.818 156.446
1923 -65.2481 156.175
1924 -65.6473 155.741
1925 -65.9914 155.148
1926 -66.267 154.411
1927 -66.4706 153.558
1928 -66.6019 152.626
1929 -66.659 151.653
1930 -66.6297 150.677
1931 -66.4897 149.731
1932 -66.2051 148.84
1933 -65.7401 148.02
1934 -65.0688 147.284
1935 -64.1829 146.638
1936 -63.0995 146.084
1937 -61.8608 145.628
1938 -60.5276 145.276
1939 -59.1696 145.039
1940 -57.8523 144.928
1941 -56.6229 144.95
1942 -55.5035 145.101
1943 -54.4888 145.363
1944 -53.5514 145.706
1945 -52.6592 146.095
1946 -51.7848 146.495
1947 -50.9188 146.883
1948 -50.0745 147.25
1949 -49.289 147.607
1950 -48.6166 147.976
1951 -48.116 148.381
1952 -47.8343 148.84
1953 -47.7939 149.352
1954 -47.9845 149.898
1955 -48.3668 150.441
1956 -48.881 150.937
1957 -49.4636 151.346
1958 -50.0596 151.64
1959 -50.6313 151.804
1960 -51.1638 151.842
1961 -51.6599 151.769
1962 -52.1321 151.602
1963 -52.5931 151.359
1964 -53.0485 151.047
1965 -53.4914 150.668
1966 -53.9034 150.216
1967 -54.2593 149.683
1968 -54.5362 149.063
1969 -54.7219 148.357
1970 -54.8179 147.575
1971 -54.8447 146.741
1972 -54.837 145.89
1973 -54.8376 145.063
1974 -54.8847 144.301
1975 -55.0024 143.639
1976 -55.1923 143.094
1977 -55.4329 142.668
1978 -55.6849 142.345
1979 -55.9015 142.106
1980 -56.0396 141.927
1981 -56.0693 141.795
1982 -55.9776 141.702
1983 -55.7697 141.647
1984 -55.4656 141.637
1985 -55.0943 141.675
1986 -54.6859 141.763
1987 -54.2676 141.904
1988 -53.8607 142.094
1989 -53.4812 142.328
1990 -53.1403 142.602
1991 -52.8488 142.904
1992 -52.6202 143.225
1993 -52.4736 143.554
1994 -52.4335 143.882
1995 -52.5266 144.203
1996 -52.7789 144.517
1997 -53.2077 144.826
1998 -53.8161 145.131
1999 -54.5893 145.427
2000 -55.495 145.702
2001 -56.4873 145.936
