     1	-101.476
     2	-101.283
     3	-101.203
     4	-101.207
     5	-101.256
     6	-101.306
     7	-101.318
     8	-101.259
     9	-101.114
    10	-100.886
    11	-100.596
    12	-100.279
    13	-99.972
    14	-99.7099
    15	-99.5096
    16	-99.3674
    17	-99.2613
    18	-99.1583
    19	-99.0259
    20	-98.8422
    21	-98.6006
    22	-98.3096
    23	-97.9854
    24	-97.6431
    25	-97.2901
    26	-96.9209
    27	-96.519
    28	-96.0607
    29	-95.5249
    30	-94.9025
    31	-94.2023
    32	-93.4567
    33	-92.7171
    34	-92.0478
    35	-91.516
    36	-91.1775
    37	-91.0643
    38	-91.1776
    39	-91.4892
    40	-91.951
    41	-92.5085
    42	-93.1129
    43	-93.7314
    44	-94.3491
    45	-94.9633
    46	-95.5758
    47	-96.1846
    48	-96.78
    49	-97.3445
    50	-97.8582
    51	-98.3067
    52	-98.6865
    53	-99.0084
    54	-99.2966
    55	-99.5854
    56	-99.9115
    57	-100.308
    58	-100.796
    59	-101.383
    60	-102.062
    61	-102.808
    62	-103.591
    63	-104.372
    64	-105.113
    65	-105.782
    66	-106.356
    67	-106.824
    68	-107.184
    69	-107.441
    70	-107.602
    71	-107.673
    72	-107.656
    73	-107.547
    74	-107.341
    75	-107.039
    76	-106.648
    77	-106.19
    78	-105.699
    79	-105.213
    80	-104.771
    81	-104.401
    82	-104.122
    83	-103.934
    84	-103.824
    85	-103.765
    86	-103.726
    87	-103.678
    88	-103.603
    89	-103.497
    90	-103.377
    91	-103.279
    92	-103.251
    93	-103.348
    94	-103.615
    95	-104.081
    96	-104.749
    97	-105.597
    98	-106.589
    99	-107.68
   100	-108.831
   101	-110.011
   102	-111.202
   103	-112.391
   104	-113.566
   105	-114.709
   106	-115.791
   107	-116.774
   108	-117.612
   109	-118.257
   110	-118.666
   111	-118.808
   112	-118.667
   113	-118.248
   114	-117.584
   115	-116.727
   116	-115.748
   117	-114.725
   118	-113.723
   119	-112.78
   120	-111.911
   121	-111.111
   122	-110.365
   123	-109.66
   124	-108.996
   125	-108.38
   126	-107.827
   127	-107.351
   128	-106.96
   129	-106.652
   130	-106.41
   131	-106.214
   132	-106.037
   133	-105.857
   134	-105.663
   135	-105.453
   136	-105.237
   137	-105.033
   138	-104.865
   139	-104.751
   140	-104.698
   141	-104.7
   142	-104.733
   143	-104.765
   144	-104.762
   145	-104.696
   146	-104.555
   147	-104.345
   148	-104.088
   149	-103.823
   150	-103.597
   151	-103.456
   152	-103.438
   153	-103.567
   154	-103.844
   155	-104.251
   156	-104.754
   157	-105.312
   158	-105.889
   159	-106.461
   160	-107.018
   161	-107.563
   162	-108.106
   163	-108.651
   164	-109.19
   165	-109.7
   166	-110.147
   167	-110.49
   168	-110.692
   169	-110.733
   170	-110.609
   171	-110.341
   172	-109.967
   173	-109.539
   174	-109.105
   175	-108.703
   176	-108.35
   177	-108.033
   178	-107.724
   179	-107.385
   180	-106.986
   181	-106.514
   182	-105.981
   183	-105.422
   184	-104.883
   185	-104.416
   186	-104.059
   187	-103.83
   188	-103.725
   189	-103.721
   190	-103.79
   191	-103.908
   192	-104.066
   193	-104.268
   194	-104.532
   195	-104.884
   196	-105.348
   197	-105.931
   198	-106.622
   199	-107.39
   200	-108.186
   201	-108.954
   202	-109.642
   203	-110.213
   204	-110.648
   205	-110.944
   206	-111.112
   207	-111.165
   208	-111.118
   209	-110.975
   210	-110.733
   211	-110.385
   212	-109.924
   213	-109.352
   214	-108.682
   215	-107.941
   216	-107.17
   217	-106.411
   218	-105.711
   219	-105.109
   220	-104.631
   221	-104.283
   222	-104.055
   223	-103.921
   224	-103.844
   225	-103.786
   226	-103.714
   227	-103.606
   228	-103.46
   229	-103.29
   230	-103.124
   231	-102.999
   232	-102.951
   233	-103.008
   234	-103.186
   235	-103.487
   236	-103.901
   237	-104.415
   238	-105.013
   239	-105.685
   240	-106.428
   241	-107.245
   242	-108.141
   243	-109.118
   244	-110.17
   245	-111.276
   246	-112.407
   247	-113.524
   248	-114.591
   249	-115.577
   250	-116.466
   251	-117.251
   252	-117.937
   253	-118.537
   254	-119.063
   255	-119.522
   256	-119.911
   257	-120.223
   258	-120.445
   259	-120.572
   260	-120.603
   261	-120.553
   262	-120.445
   263	-120.312
   264	-120.187
   265	-120.096
   266	-120.055
   267	-120.061
   268	-120.097
   269	-120.139
   270	-120.165
   271	-120.162
   272	-120.135
   273	-120.109
   274	-120.129
   275	-120.249
   276	-120.52
   277	-120.982
   278	-121.644
   279	-122.492
   280	-123.487
   281	-124.58
   282	-125.729
   283	-126.9
   284	-128.074
   285	-129.247
   286	-130.419
   287	-131.585
   288	-132.733
   289	-133.84
   290	-134.872
   291	-135.794
   292	-136.569
   293	-137.172
   294	-137.587
   295	-137.814
   296	-137.873
   297	-137.797
   298	-137.627
   299	-137.408
   300	-137.177
   301	-136.956
   302	-136.75
   303	-136.548
   304	-136.331
   305	-136.078
   306	-135.773
   307	-135.41
   308	-134.994
   309	-134.539
   310	-134.064
   311	-133.591
   312	-133.136
   313	-132.706
   314	-132.298
   315	-131.898
   316	-131.486
   317	-131.046
   318	-130.57
   319	-130.064
   320	-129.546
   321	-129.045
   322	-128.589
   323	-128.201
   324	-127.886
   325	-127.636
   326	-127.43
   327	-127.245
   328	-127.059
   329	-126.861
   330	-126.652
   331	-126.447
   332	-126.267
   333	-126.133
   334	-126.058
   335	-126.041
   336	-126.067
   337	-126.106
   338	-126.123
   339	-126.087
   340	-125.981
   341	-125.803
   342	-125.576
   343	-125.334
   344	-125.119
   345	-124.965
   346	-124.89
   347	-124.888
   348	-124.933
   349	-124.989
   350	-125.014
   351	-124.981
   352	-124.877
   353	-124.709
   354	-124.498
   355	-124.265
   356	-124.027
   357	-123.782
   358	-123.516
   359	-123.202
   360	-122.816
   361	-122.343
   362	-121.784
   363	-121.159
   364	-120.502
   365	-119.858
   366	-119.272
   367	-118.785
   368	-118.42
   369	-118.188
   370	-118.077
   371	-118.067
   372	-118.125
   373	-118.222
   374	-118.331
   375	-118.433
   376	-118.517
   377	-118.575
   378	-118.599
   379	-118.578
   380	-118.492
   381	-118.322
   382	-118.047
   383	-117.658
   384	-117.163
   385	-116.586
   386	-115.972
   387	-115.37
   388	-114.831
   389	-114.392
   390	-114.076
   391	-113.885
   392	-113.807
   393	-113.824
   394	-113.909
   395	-114.037
   396	-114.186
   397	-114.333
   398	-114.463
   399	-114.564
   400	-114.631
   401	-114.661
   402	-114.659
   403	-114.627
   404	-114.571
   405	-114.492
   406	-114.393
   407	-114.276
   408	-114.141
   409	-113.997
   410	-113.851
   411	-113.713
   412	-113.586
   413	-113.472
   414	-113.359
   415	-113.229
   416	-113.058
   417	-112.818
   418	-112.484
   419	-112.043
   420	-111.49
   421	-110.84
   422	-110.124
   423	-109.387
   424	-108.681
   425	-108.06
   426	-107.567
   427	-107.228
   428	-107.053
   429	-107.037
   430	-107.166
   431	-107.428
   432	-107.814
   433	-108.318
   434	-108.936
   435	-109.655
   436	-110.452
   437	-111.295
   438	-112.146
   439	-112.967
   440	-113.734
   441	-114.435
   442	-115.069
   443	-115.644
   444	-116.172
   445	-116.663
   446	-117.118
   447	-117.536
   448	-117.913
   449	-118.241
   450	-118.512
   451	-118.716
   452	-118.849
   453	-118.911
   454	-118.91
   455	-118.859
   456	-118.778
   457	-118.681
   458	-118.581
   459	-118.482
   460	-118.386
   461	-118.294
   462	-118.212
   463	-118.151
   464	-118.132
   465	-118.181
   466	-118.326
   467	-118.589
   468	-118.984
   469	-119.51
   470	-120.154
   471	-120.89
   472	-121.682
   473	-122.492
   474	-123.28
   475	-124.017
   476	-124.678
   477	-125.256
   478	-125.751
   479	-126.173
   480	-126.536
   481	-126.853
   482	-127.136
   483	-127.391
   484	-127.62
   485	-127.825
   486	-128.009
   487	-128.178
   488	-128.345
   489	-128.529
   490	-128.747
   491	-129.012
   492	-129.331
   493	-129.699
   494	-130.105
   495	-130.526
   496	-130.937
   497	-131.311
   498	-131.624
   499	-131.858
   500	-132.003
   501	-132.06
   502	-132.04
   503	-131.961
   504	-131.845
   505	-131.708
   506	-131.561
   507	-131.405
   508	-131.237
   509	-131.055
   510	-130.867
   511	-130.689
   512	-130.546
   513	-130.467
   514	-130.477
   515	-130.588
   516	-130.8
   517	-131.1
   518	-131.466
   519	-131.873
   520	-132.302
   521	-132.741
   522	-133.19
   523	-133.658
   524	-134.154
   525	-134.688
   526	-135.259
   527	-135.856
   528	-136.454
   529	-137.021
   530	-137.52
   531	-137.919
   532	-138.196
   533	-138.337
   534	-138.343
   535	-138.223
   536	-137.995
   537	-137.68
   538	-137.298
   539	-136.862
   540	-136.38
   541	-135.851
   542	-135.271
   543	-134.637
   544	-133.95
   545	-133.222
   546	-132.481
   547	-131.768
   548	-131.131
   549	-130.618
   550	-130.262
   551	-130.078
   552	-130.058
   553	-130.18
   554	-130.414
   555	-130.725
   556	-131.085
   557	-131.467
   558	-131.847
   559	-132.208
   560	-132.529
   561	-132.79
   562	-132.971
   563	-133.047
   564	-132.993
   565	-132.788
   566	-132.417
   567	-131.876
   568	-131.177
   569	-130.345
   570	-129.412
   571	-128.415
   572	-127.391
   573	-126.369
   574	-125.37
   575	-124.412
   576	-123.504
   577	-122.652
   578	-121.858
   579	-121.128
   580	-120.471
   581	-119.905
   582	-119.456
   583	-119.151
   584	-119.015
   585	-119.055
   586	-119.256
   587	-119.581
   588	-119.977
   589	-120.394
   590	-120.789
   591	-121.137
   592	-121.425
   593	-121.649
   594	-121.81
   595	-121.905
   596	-121.932
   597	-121.881
   598	-121.743
   599	-121.502
   600	-121.143
   601	-120.65
   602	-120.014
   603	-119.232
   604	-118.313
   605	-117.28
   606	-116.167
   607	-115.012
   608	-113.847
   609	-112.694
   610	-111.565
   611	-110.469
   612	-109.415
   613	-108.42
   614	-107.506
   615	-106.697
   616	-106.012
   617	-105.458
   618	-105.03
   619	-104.706
   620	-104.458
   621	-104.251
   622	-104.053
   623	-103.833
   624	-103.569
   625	-103.253
   626	-102.89
   627	-102.502
   628	-102.114
   629	-101.75
   630	-101.421
   631	-101.126
   632	-100.851
   633	-100.578
   634	-100.297
   635	-100
   636	-99.692
   637	-99.3817
   638	-99.0821
   639	-98.8069
   640	-98.5666
   641	-98.3685
   642	-98.218
   643	-98.1182
   644	-98.0704
   645	-98.0744
   646	-98.1276
   647	-98.2237
   648	-98.3545
   649	-98.5095
   650	-98.6761
   651	-98.8399
   652	-98.983
   653	-99.0819
   654	-99.1082
   655	-99.03
   656	-98.8158
   657	-98.4397
   658	-97.888
   659	-97.1639
   660	-96.2927
   661	-95.3208
   662	-94.3134
   663	-93.3459
   664	-92.4927
   665	-91.8144
   666	-91.3479
   667	-91.1058
   668	-91.0793
   669	-91.248
   670	-91.5911
   671	-92.0946
   672	-92.7506
   673	-93.5573
   674	-94.5097
   675	-95.587
   676	-96.7496
   677	-97.9396
   678	-99.0938
   679	-100.155
   680	-101.079
   681	-101.842
   682	-102.438
   683	-102.88
   684	-103.185
   685	-103.371
   686	-103.45
   687	-103.427
   688	-103.297
   689	-103.053
   690	-102.688
   691	-102.195
   692	-101.576
   693	-100.836
   694	-99.9916
   695	-99.063
   696	-98.0766
   697	-97.0595
   698	-96.0333
   699	-95.0121
   700	-94.0051
   701	-93.0203
   702	-92.0701
   703	-91.1778
   704	-90.3775
   705	-89.708
   706	-89.2046
   707	-88.8891
   708	-88.7656
   709	-88.8211
   710	-89.028
   711	-89.3511
   712	-89.7505
   713	-90.1864
   714	-90.6208
   715	-91.0201
   716	-91.357
   717	-91.6109
   718	-91.7673
   719	-91.817
   720	-91.7528
   721	-91.5676
   722	-91.2558
   723	-90.8139
   724	-90.2432
   725	-89.553
   726	-88.7595
   727	-87.8832
   728	-86.9488
   729	-85.9823
   730	-85.01
   731	-84.0574
   732	-83.1488
   733	-82.3065
   734	-81.5438
   735	-80.861
   736	-80.2432
   737	-79.6644
   738	-79.0967
   739	-78.5198
   740	-77.924
   741	-77.3142
   742	-76.7057
   743	-76.1191
   744	-75.5714
   745	-75.0658
   746	-74.5894
   747	-74.1157
   748	-73.6082
   749	-73.0301
   750	-72.3526
   751	-71.5597
   752	-70.652
   753	-69.6422
   754	-68.5495
   755	-67.3969
   756	-66.2014
   757	-64.9742
   758	-63.7195
   759	-62.4418
   760	-61.1561
   761	-59.8984
   762	-58.7278
   763	-57.7252
   764	-56.9792
   765	-56.5665
   766	-56.5339
   767	-56.8878
   768	-57.5941
   769	-58.5887
   770	-59.7924
   771	-61.1256
   772	-62.5178
   773	-63.9138
   774	-65.2719
   775	-66.5576
   776	-67.7399
   777	-68.7868
   778	-69.6619
   779	-70.3259
   780	-70.7436
   781	-70.8872
   782	-70.7424
   783	-70.3125
   784	-69.6221
   785	-68.7183
   786	-67.6662
   787	-66.5414
   788	-65.421
   789	-64.3742
   790	-63.4534
   791	-62.6938
   792	-62.1128
   793	-61.7156
   794	-61.4984
   795	-61.4525
   796	-61.5674
   797	-61.8322
   798	-62.2357
   799	-62.7639
   800	-63.3973
   801	-64.1085
   802	-64.8613
   803	-65.6106
   804	-66.3081
   805	-66.9075
   806	-67.3727
   807	-67.6836
   808	-67.8371
   809	-67.8451
   810	-67.7321
   811	-67.5276
   812	-67.2573
   813	-66.9364
   814	-66.5667
   815	-66.1365
   816	-65.6266
   817	-65.0198
   818	-64.3106
   819	-63.5131
   820	-62.6647
   821	-61.8243
   822	-61.0636
   823	-60.4502
   824	-60.031
   825	-59.8225
   826	-59.8052
   827	-59.9335
   828	-60.1503
   829	-60.4049
   830	-60.6649
   831	-60.9192
   832	-61.1742
   833	-61.444
   834	-61.74
   835	-62.0616
   836	-62.3908
   837	-62.6924
   838	-62.9208
   839	-63.0287
   840	-62.9771
   841	-62.7444
   842	-62.3322
   843	-61.77
   844	-61.1109
   845	-60.4202
   846	-59.76
   847	-59.1743
   848	-58.6769
   849	-58.253
   850	-57.871
   851	-57.4974
   852	-57.11
   853	-56.706
   854	-56.3019
   855	-55.9268
   856	-55.6153
   857	-55.3961
   858	-55.2865
   859	-55.2904
   860	-55.3987
   861	-55.5938
   862	-55.8542
   863	-56.1603
   864	-56.4973
   865	-56.8597
   866	-57.2512
   867	-57.6833
   868	-58.1668
   869	-58.7044
   870	-59.2841
   871	-59.8771
   872	-60.441
   873	-60.929
   874	-61.2998
   875	-61.5266
   876	-61.6002
   877	-61.5303
   878	-61.3381
   879	-61.0535
   880	-60.7073
   881	-60.3261
   882	-59.9279
   883	-59.5221
   884	-59.1104
   885	-58.6879
   886	-58.2511
   887	-57.8036
   888	-57.3602
   889	-56.9467
   890	-56.5974
   891	-56.348
   892	-56.2247
   893	-56.2366
   894	-56.372
   895	-56.5996
   896	-56.8769
   897	-57.1612
   898	-57.4195
   899	-57.6361
   900	-57.8169
   901	-57.9849
   902	-58.1722
   903	-58.4067
   904	-58.7015
   905	-59.0453
   906	-59.4061
   907	-59.7397
   908	-60.0044
   909	-60.1757
   910	-60.2548
   911	-60.2703
   912	-60.2712
   913	-60.3117
   914	-60.4364
   915	-60.6665
   916	-60.9949
   917	-61.3916
   918	-61.8137
   919	-62.2197
   920	-62.5807
   921	-62.8877
   922	-63.1508
   923	-63.3941
   924	-63.6473
   925	-63.9318
   926	-64.2534
   927	-64.5962
   928	-64.9251
   929	-65.1944
   930	-65.3568
   931	-65.3742
   932	-65.2256
   933	-64.9112
   934	-64.4536
   935	-63.8932
   936	-63.2825
   937	-62.6763
   938	-62.1213
   939	-61.6483
   940	-61.2703
   941	-60.9818
   942	-60.7704
   943	-60.6258
   944	-60.5523
   945	-60.5733
   946	-60.7265
   947	-61.0526
   948	-61.5812
   949	-62.3183
   950	-63.2422
   951	-64.3054
   952	-65.443
   953	-66.585
   954	-67.6674
   955	-68.6404
   956	-69.4742
   957	-70.1607
   958	-70.7096
   959	-71.1448
   960	-71.4951
   961	-71.7855
   962	-72.0294
   963	-72.2246
   964	-72.3544
   965	-72.3966
   966	-72.3317
   967	-72.1535
   968	-71.8735
   969	-71.5227
   970	-71.148
   971	-70.802
   972	-70.5336
   973	-70.3748
   974	-70.3337
   975	-70.3937
   976	-70.5203
   977	-70.6748
   978	-70.8284
   979	-70.9738
   980	-71.1275
   981	-71.3246
   982	-71.605
   983	-71.9958
   984	-72.5
   985	-73.09
   986	-73.7174
   987	-74.3244
   988	-74.8609
   989	-75.296
   990	-75.6198
   991	-75.8422
   992	-75.9875
   993	-76.0857
   994	-76.1622
   995	-76.2318
   996	-76.2911
   997	-76.3204
   998	-76.2876
   999	-76.1582
  1000	-75.907
  1001	-75.5282
  1002	-75.041
  1003	-74.4882
  1004	-73.9262
  1005	-73.4084
  1006	-72.9681
  1007	-72.6096
  1008	-72.309
  1009	-72.0255
  1010	-71.7173
  1011	-71.3536
  1012	-70.9232
  1013	-70.4378
  1014	-69.9283
  1015	-69.4352
  1016	-68.9998
  1017	-68.6542
  1018	-68.4123
  1019	-68.268
  1020	-68.1959
  1021	-68.1576
  1022	-68.1109
  1023	-68.0214
  1024	-67.8718
  1025	-67.6679
  1026	-67.4351
  1027	-67.2094
  1028	-67.0221
  1029	-66.886
  1030	-66.789
  1031	-66.6951
  1032	-66.5524
  1033	-66.3089
  1034	-65.9246
  1035	-65.3829
  1036	-64.695
  1037	-63.8981
  1038	-63.0514
  1039	-62.2249
  1040	-61.4869
  1041	-60.8924
  1042	-60.4721
  1043	-60.227
  1044	-60.1321
  1045	-60.1454
  1046	-60.2218
  1047	-60.327
  1048	-60.4442
  1049	-60.576
  1050	-60.7388
  1051	-60.9517
  1052	-61.2238
  1053	-61.5441
  1054	-61.8783
  1055	-62.173
  1056	-62.3689
  1057	-62.4171
  1058	-62.2947
  1059	-62.0161
  1060	-61.6327
  1061	-61.2246
  1062	-60.88
  1063	-60.6707
  1064	-60.6321
  1065	-60.7563
  1066	-60.9999
  1067	-61.304
  1068	-61.6156
  1069	-61.9014
  1070	-62.1524
  1071	-62.381
  1072	-62.6117
  1073	-62.8726
  1074	-63.1836
  1075	-63.5492
  1076	-63.9551
  1077	-64.3707
  1078	-64.757
  1079	-65.0759
  1080	-65.2995
  1081	-65.4174
  1082	-65.4388
  1083	-65.3891
  1084	-65.3009
  1085	-65.2047
  1086	-65.1201
  1087	-65.0519
  1088	-64.9931
  1089	-64.9311
  1090	-64.8561
  1091	-64.766
  1092	-64.6694
  1093	-64.5847
  1094	-64.5359
  1095	-64.5467
  1096	-64.6365
  1097	-64.8162
  1098	-65.0866
  1099	-65.4392
  1100	-65.8576
  1101	-66.3192
  1102	-66.7985
  1103	-67.2676
  1104	-67.6984
  1105	-68.0653
  1106	-68.3467
  1107	-68.5279
  1108	-68.6001
  1109	-68.5617
  1110	-68.4155
  1111	-68.1682
  1112	-67.8276
  1113	-67.401
  1114	-66.8962
  1115	-66.3246
  1116	-65.7022
  1117	-65.0519
  1118	-64.403
  1119	-63.7915
  1120	-63.2583
  1121	-62.8443
  1122	-62.5831
  1123	-62.492
  1124	-62.566
  1125	-62.7771
  1126	-63.0786
  1127	-63.4163
  1128	-63.7389
  1129	-64.0051
  1130	-64.1888
  1131	-64.2766
  1132	-64.2649
  1133	-64.1551
  1134	-63.9506
  1135	-63.6574
  1136	-63.2867
  1137	-62.8585
  1138	-62.4047
  1139	-61.9679
  1140	-61.5972
  1141	-61.3386
  1142	-61.2265
  1143	-61.2747
  1144	-61.4738
  1145	-61.7936
  1146	-62.1905
  1147	-62.6175
  1148	-63.0326
  1149	-63.4047
  1150	-63.7169
  1151	-63.9628
  1152	-64.1409
  1153	-64.2485
  1154	-64.2773
  1155	-64.2129
  1156	-64.0403
  1157	-63.7518
  1158	-63.3562
  1159	-62.8835
  1160	-62.3871
  1161	-61.9382
  1162	-61.614
  1163	-61.4806
  1164	-61.5769
  1165	-61.9083
  1166	-62.446
  1167	-63.1345
  1168	-63.9109
  1169	-64.7187
  1170	-65.5146
  1171	-66.2743
  1172	-66.9884
  1173	-67.6584
  1174	-68.2887
  1175	-68.8793
  1176	-69.4245
  1177	-69.9146
  1178	-70.34
  1179	-70.6957
  1180	-70.9831
  1181	-71.2116
  1182	-71.3979
  1183	-71.5638
  1184	-71.7324
  1185	-71.9257
  1186	-72.1591
  1187	-72.4374
  1188	-72.7517
  1189	-73.0803
  1190	-73.3906
  1191	-73.6465
  1192	-73.8158
  1193	-73.8794
  1194	-73.8351
  1195	-73.6966
  1196	-73.4902
  1197	-73.2463
  1198	-72.9929
  1199	-72.75
  1200	-72.5272
  1201	-72.3254
  1202	-72.1391
  1203	-71.9595
  1204	-71.7775
  1205	-71.5855
  1206	-71.3789
  1207	-71.1546
  1208	-70.9114
  1209	-70.647
  1210	-70.3568
  1211	-70.0297
  1212	-69.647
  1213	-69.1845
  1214	-68.6171
  1215	-67.9242
  1216	-67.0978
  1217	-66.146
  1218	-65.0991
  1219	-64.0058
  1220	-62.9246
  1221	-61.9141
  1222	-61.0225
  1223	-60.2772
  1224	-59.6799
  1225	-59.2123
  1226	-58.8415
  1227	-58.53
  1228	-58.2431
  1229	-57.9542
  1230	-57.6462
  1231	-57.3083
  1232	-56.9306
  1233	-56.5023
  1234	-56.0073
  1235	-55.4288
  1236	-54.7519
  1237	-53.9686
  1238	-53.0868
  1239	-52.1329
  1240	-51.1494
  1241	-50.191
  1242	-49.3126
  1243	-48.5611
  1244	-47.9644
  1245	-47.5204
  1246	-47.2001
  1247	-46.9546
  1248	-46.7275
  1249	-46.4657
  1250	-46.1286
  1251	-45.6915
  1252	-45.143
  1253	-44.4813
  1254	-43.7076
  1255	-42.8172
  1256	-41.8007
  1257	-40.6483
  1258	-39.3564
  1259	-37.9364
  1260	-36.4219
  1261	-34.8693
  1262	-33.353
  1263	-31.954
  1264	-30.7476
  1265	-29.786
  1266	-29.0925
  1267	-28.6573
  1268	-28.4466
  1269	-28.4118
  1270	-28.4967
  1271	-28.6502
  1272	-28.8345
  1273	-29.0296
  1274	-29.2324
  1275	-29.4542
  1276	-29.7093
  1277	-30.0082
  1278	-30.3502
  1279	-30.722
  1280	-31.1009
  1281	-31.4623
  1282	-31.7871
  1283	-32.0713
  1284	-32.329
  1285	-32.5903
  1286	-32.8945
  1287	-33.2808
  1288	-33.7779
  1289	-34.3992
  1290	-35.1377
  1291	-35.9691
  1292	-36.8559
  1293	-37.7564
  1294	-38.6335
  1295	-39.4607
  1296	-40.2272
  1297	-40.9358
  1298	-41.6007
  1299	-42.2397
  1300	-42.8643
  1301	-43.4716
  1302	-44.0443
  1303	-44.5536
  1304	-44.9665
  1305	-45.2579
  1306	-45.4173
  1307	-45.454
  1308	-45.3966
  1309	-45.2889
  1310	-45.1808
  1311	-45.1163
  1312	-45.1249
  1313	-45.2141
  1314	-45.371
  1315	-45.5686
  1316	-45.7765
  1317	-45.9717
  1318	-46.144
  1319	-46.3007
  1320	-46.462
  1321	-46.656
  1322	-46.9098
  1323	-47.2425
  1324	-47.6588
  1325	-48.1478
  1326	-48.6853
  1327	-49.2402
  1328	-49.7836
  1329	-50.2952
  1330	-50.7665
  1331	-51.2012
  1332	-51.6125
  1333	-52.0157
  1334	-52.4224
  1335	-52.8342
  1336	-53.2396
  1337	-53.6151
  1338	-53.9277
  1339	-54.1448
  1340	-54.2419
  1341	-54.2121
  1342	-54.0697
  1343	-53.8482
  1344	-53.592
  1345	-53.3444
  1346	-53.1364
  1347	-52.9807
  1348	-52.8734
  1349	-52.7985
  1350	-52.7341
  1351	-52.6588
  1352	-52.5577
  1353	-52.424
  1354	-52.2578
  1355	-52.0645
  1356	-51.8492
  1357	-51.6131
  1358	-51.3508
  1359	-51.0507
  1360	-50.695
  1361	-50.2682
  1362	-49.7629
  1363	-49.1853
  1364	-48.5574
  1365	-47.9142
  1366	-47.2964
  1367	-46.7436
  1368	-46.2857
  1369	-45.9398
  1370	-45.7129
  1371	-45.6023
  1372	-45.5999
  1373	-45.6961
  1374	-45.8844
  1375	-46.1633
  1376	-46.5389
  1377	-47.0261
  1378	-47.6447
  1379	-48.4137
  1380	-49.3445
  1381	-50.4327
  1382	-51.6535
  1383	-52.959
  1384	-54.2883
  1385	-55.5813
  1386	-56.7914
  1387	-57.8924
  1388	-58.8825
  1389	-59.7794
  1390	-60.6088
  1391	-61.3959
  1392	-62.1552
  1393	-62.8892
  1394	-63.5894
  1395	-64.2358
  1396	-64.8056
  1397	-65.2796
  1398	-65.6482
  1399	-65.9135
  1400	-66.0908
  1401	-66.2044
  1402	-66.2812
  1403	-66.3407
  1404	-66.3897
  1405	-66.417
  1406	-66.3989
  1407	-66.3079
  1408	-66.122
  1409	-65.8339
  1410	-65.454
  1411	-65.0083
  1412	-64.5331
  1413	-64.0641
  1414	-63.63
  1415	-63.2483
  1416	-62.9255
  1417	-62.6597
  1418	-62.4466
  1419	-62.2851
  1420	-62.1781
  1421	-62.1324
  1422	-62.1542
  1423	-62.2453
  1424	-62.4015
  1425	-62.611
  1426	-62.8585
  1427	-63.1278
  1428	-63.4047
  1429	-63.6791
  1430	-63.9447
  1431	-64.1997
  1432	-64.4449
  1433	-64.6843
  1434	-64.9252
  1435	-65.1774
  1436	-65.4522
  1437	-65.7572
  1438	-66.092
  1439	-66.4442
  1440	-66.7877
  1441	-67.0889
  1442	-67.3145
  1443	-67.4397
  1444	-67.4528
  1445	-67.3556
  1446	-67.1602
  1447	-66.8841
  1448	-66.5438
  1449	-66.1511
  1450	-65.711
  1451	-65.2187
  1452	-64.6622
  1453	-64.0233
  1454	-63.2838
  1455	-62.4329
  1456	-61.4753
  1457	-60.4365
  1458	-59.3661
  1459	-58.3337
  1460	-57.4147
  1461	-56.6742
  1462	-56.1509
  1463	-55.8502
  1464	-55.7484
  1465	-55.8063
  1466	-55.9883
  1467	-56.2747
  1468	-56.667
  1469	-57.1824
  1470	-57.8434
  1471	-58.6665
  1472	-59.6528
  1473	-60.7842
  1474	-62.027
  1475	-63.34
  1476	-64.6822
  1477	-66.0143
  1478	-67.3082
  1479	-68.5479
  1480	-69.7228
  1481	-70.8286
  1482	-71.8623
  1483	-72.8161
  1484	-73.6721
  1485	-74.4044
  1486	-74.9824
  1487	-75.3784
  1488	-75.5774
  1489	-75.583
  1490	-75.4185
  1491	-75.1254
  1492	-74.7554
  1493	-74.3597
  1494	-73.9784
  1495	-73.6346
  1496	-73.335
  1497	-73.0736
  1498	-72.8415
  1499	-72.6319
  1500	-72.4448
  1501	-72.2855
  1502	-72.1598
  1503	-72.069
  1504	-72.004
  1505	-71.9444
  1506	-71.8612
  1507	-71.7195
  1508	-71.4846
  1509	-71.1267
  1510	-70.6267
  1511	-69.9823
  1512	-69.2114
  1513	-68.3566
  1514	-67.4816
  1515	-66.6646
  1516	-65.9851
  1517	-65.5111
  1518	-65.2879
  1519	-65.3293
  1520	-65.6186
  1521	-66.1155
  1522	-66.7648
  1523	-67.5098
  1524	-68.3015
  1525	-69.102
  1526	-69.888
  1527	-70.6479
  1528	-71.3759
  1529	-72.0659
  1530	-72.7072
  1531	-73.2815
  1532	-73.7623
  1533	-74.1242
  1534	-74.3495
  1535	-74.4322
  1536	-74.3841
  1537	-74.2359
  1538	-74.0311
  1539	-73.8209
  1540	-73.6516
  1541	-73.5538
  1542	-73.535
  1543	-73.5772
  1544	-73.6437
  1545	-73.6908
  1546	-73.6806
  1547	-73.5919
  1548	-73.4261
  1549	-73.2073
  1550	-72.9749
  1551	-72.7716
  1552	-72.6282
  1553	-72.5542
  1554	-72.5349
  1555	-72.5388
  1556	-72.5325
  1557	-72.4917
  1558	-72.4131
  1559	-72.315
  1560	-72.2319
  1561	-72.2051
  1562	-72.2698
  1563	-72.4464
  1564	-72.7331
  1565	-73.1085
  1566	-73.5372
  1567	-73.98
  1568	-74.4055
  1569	-74.7984
  1570	-75.1634
  1571	-75.5257
  1572	-75.9262
  1573	-76.4108
  1574	-77.0199
  1575	-77.7815
  1576	-78.7022
  1577	-79.7711
  1578	-80.9617
  1579	-82.2385
  1580	-83.5673
  1581	-84.919
  1582	-86.2718
  1583	-87.6093
  1584	-88.9169
  1585	-90.1795
  1586	-91.3766
  1587	-92.4831
  1588	-93.4653
  1589	-94.2831
  1590	-94.9021
  1591	-95.2957
  1592	-95.451
  1593	-95.3712
  1594	-95.0755
  1595	-94.5965
  1596	-93.9742
  1597	-93.2471
  1598	-92.4489
  1599	-91.6053
  1600	-90.7303
  1601	-89.8322
  1602	-88.918
  1603	-87.9962
  1604	-87.0807
  1605	-86.1912
  1606	-85.3536
  1607	-84.5996
  1608	-83.9613
  1609	-83.4667
  1610	-83.1363
  1611	-82.9772
  1612	-82.9803
  1613	-83.1237
  1614	-83.3797
  1615	-83.7244
  1616	-84.1455
  1617	-84.6443
  1618	-85.2292
  1619	-85.9062
  1620	-86.6676
  1621	-87.4871
  1622	-88.3198
  1623	-89.1133
  1624	-89.8184
  1625	-90.395
  1626	-90.8178
  1627	-91.0759
  1628	-91.1729
  1629	-91.1217
  1630	-90.9409
  1631	-90.6485
  1632	-90.2581
  1633	-89.7741
  1634	-89.1901
  1635	-88.4918
  1636	-87.6635
  1637	-86.6984
  1638	-85.6107
  1639	-84.4416
  1640	-83.2569
  1641	-82.1355
  1642	-81.1515
  1643	-80.3547
  1644	-79.759
  1645	-79.3428
  1646	-79.0584
  1647	-78.8475
  1648	-78.6572
  1649	-78.4511
  1650	-78.2138
  1651	-77.9528
  1652	-77.6933
  1653	-77.4699
  1654	-77.3162
  1655	-77.2559
  1656	-77.2946
  1657	-77.4199
  1658	-77.6056
  1659	-77.8181
  1660	-78.0272
  1661	-78.2119
  1662	-78.3664
  1663	-78.501
  1664	-78.6385
  1665	-78.8092
  1666	-79.0419
  1667	-79.3592
  1668	-79.7681
  1669	-80.2626
  1670	-80.8238
  1671	-81.4277
  1672	-82.0518
  1673	-82.6812
  1674	-83.3122
  1675	-83.9508
  1676	-84.6092
  1677	-85.2961
  1678	-86.0163
  1679	-86.7629
  1680	-87.5128
  1681	-88.2291
  1682	-88.8677
  1683	-89.3844
  1684	-89.7429
  1685	-89.9241
  1686	-89.9273
  1687	-89.7699
  1688	-89.4802
  1689	-89.0926
  1690	-88.6388
  1691	-88.1426
  1692	-87.6177
  1693	-87.0698
  1694	-86.5037
  1695	-85.9312
  1696	-85.3762
  1697	-84.877
  1698	-84.4828
  1699	-84.2454
  1700	-84.2067
  1701	-84.3904
  1702	-84.7943
  1703	-85.3896
  1704	-86.1271
  1705	-86.9463
  1706	-87.7879
  1707	-88.6021
  1708	-89.3545
  1709	-90.0263
  1710	-90.6132
  1711	-91.1168
  1712	-91.5403
  1713	-91.8805
  1714	-92.1249
  1715	-92.2528
  1716	-92.2405
  1717	-92.069
  1718	-91.7298
  1719	-91.2335
  1720	-90.6097
  1721	-89.9058
  1722	-89.177
  1723	-88.4788
  1724	-87.8571
  1725	-87.3371
  1726	-86.9235
  1727	-86.6048
  1728	-86.3618
  1729	-86.1786
  1730	-86.049
  1731	-85.9814
  1732	-85.9979
  1733	-86.1277
  1734	-86.3984
  1735	-86.8247
  1736	-87.401
  1737	-88.1007
  1738	-88.8787
  1739	-89.6798
  1740	-90.4532
  1741	-91.1593
  1742	-91.775
  1743	-92.2958
  1744	-92.7314
  1745	-93.0963
  1746	-93.4045
  1747	-93.6616
  1748	-93.861
  1749	-93.9848
  1750	-94.0084
  1751	-93.9077
  1752	-93.6677
  1753	-93.2904
  1754	-92.798
  1755	-92.234
  1756	-91.6575
  1757	-91.1352
  1758	-90.7276
  1759	-90.4758
  1760	-90.398
  1761	-90.4867
  1762	-90.7141
  1763	-91.0438
  1764	-91.4416
  1765	-91.888
  1766	-92.3812
  1767	-92.9362
  1768	-93.5764
  1769	-94.3211
  1770	-95.1757
  1771	-96.1237
  1772	-97.1245
  1773	-98.1262
  1774	-99.0772
  1775	-99.9342
  1776	-100.672
  1777	-101.288
  1778	-101.794
  1779	-102.216
  1780	-102.58
  1781	-102.905
  1782	-103.197
  1783	-103.447
  1784	-103.635
  1785	-103.735
  1786	-103.725
  1787	-103.591
  1788	-103.34
  1789	-102.993
  1790	-102.589
  1791	-102.169
  1792	-101.772
  1793	-101.423
  1794	-101.13
  1795	-100.881
  1796	-100.657
  1797	-100.439
  1798	-100.218
  1799	-99.9952
  1800	-99.7852
  1801	-99.6101
  1802	-99.4908
  1803	-99.4423
  1804	-99.4667
  1805	-99.5508
  1806	-99.6676
  1807	-99.7825
  1808	-99.8609
  1809	-99.8739
  1810	-99.807
  1811	-99.6626
  1812	-99.4589
  1813	-99.2261
  1814	-98.9983
  1815	-98.8027
  1816	-98.6532
  1817	-98.5465
  1818	-98.4655
  1819	-98.386
  1820	-98.2867
  1821	-98.1565
  1822	-97.9988
  1823	-97.8305
  1824	-97.6776
  1825	-97.5657
  1826	-97.5124
  1827	-97.5208
  1828	-97.5776
  1829	-97.6536
  1830	-97.71
  1831	-97.7049
  1832	-97.6012
  1833	-97.3726
  1834	-97.0055
  1835	-96.5007
  1836	-95.8703
  1837	-95.1334
  1838	-94.3094
  1839	-93.4143
  1840	-92.4587
  1841	-91.447
  1842	-90.3831
  1843	-89.2675
  1844	-88.1034
  1845	-86.9081
  1846	-85.712
  1847	-84.5569
  1848	-83.4919
  1849	-82.5642
  1850	-81.8105
  1851	-81.2512
  1852	-80.8874
  1853	-80.7029
  1854	-80.6685
  1855	-80.7533
  1856	-80.929
  1857	-81.1742
  1858	-81.4736
  1859	-81.8156
  1860	-82.1884
  1861	-82.5763
  1862	-82.9581
  1863	-83.3086
  1864	-83.5998
  1865	-83.8068
  1866	-83.9114
  1867	-83.9047
  1868	-83.7885
  1869	-83.5754
  1870	-83.2839
  1871	-82.9337
  1872	-82.5396
  1873	-82.1068
  1874	-81.6302
  1875	-81.0962
  1876	-80.4885
  1877	-79.7928
  1878	-79.0062
  1879	-78.1413
  1880	-77.2228
  1881	-76.2862
  1882	-75.3708
  1883	-74.5131
  1884	-73.7394
  1885	-73.062
  1886	-72.4811
  1887	-71.9859
  1888	-71.5639
  1889	-71.2045
  1890	-70.902
  1891	-70.6563
  1892	-70.4715
  1893	-70.3521
  1894	-70.3003
  1895	-70.3093
  1896	-70.3627
  1897	-70.4325
  1898	-70.4848
  1899	-70.4829
  1900	-70.3952
  1901	-70.2009
  1902	-69.8939
  1903	-69.4826
  1904	-68.9882
  1905	-68.438
  1906	-67.8601
  1907	-67.277
  1908	-66.7048
  1909	-66.1531
  1910	-65.6266
  1911	-65.129
  1912	-64.6657
  1913	-64.2479
  1914	-63.8933
  1915	-63.6223
  1916	-63.455
  1917	-63.4075
  1918	-63.4878
  1919	-63.6917
  1920	-64.0021
  1921	-64.3898
  1922	-64.818
  1923	-65.2481
  1924	-65.6473
  1925	-65.9914
  1926	-66.267
  1927	-66.4706
  1928	-66.6019
  1929	-66.659
  1930	-66.6297
  1931	-66.4897
  1932	-66.2051
  1933	-65.7401
  1934	-65.0688
  1935	-64.1829
  1936	-63.0995
  1937	-61.8608
  1938	-60.5276
  1939	-59.1696
  1940	-57.8523
  1941	-56.6229
  1942	-55.5035
  1943	-54.4888
  1944	-53.5514
  1945	-52.6592
  1946	-51.7848
  1947	-50.9188
  1948	-50.0745
  1949	-49.289
  1950	-48.6166
  1951	-48.116
  1952	-47.8343
  1953	-47.7939
  1954	-47.9845
  1955	-48.3668
  1956	-48.881
  1957	-49.4636
  1958	-50.0596
  1959	-50.6313
  1960	-51.1638
  1961	-51.6599
  1962	-52.1321
  1963	-52.5931
  1964	-53.0485
  1965	-53.4914
  1966	-53.9034
  1967	-54.2593
  1968	-54.5362
  1969	-54.7219
  1970	-54.8179
  1971	-54.8447
  1972	-54.837
  1973	-54.8376
  1974	-54.8847
  1975	-55.0024
  1976	-55.1923
  1977	-55.4329
  1978	-55.6849
  1979	-55.9015
  1980	-56.0396
  1981	-56.0693
  1982	-55.9776
  1983	-55.7697
  1984	-55.4656
  1985	-55.0943
  1986	-54.6859
  1987	-54.2676
  1988	-53.8607
  1989	-53.4812
  1990	-53.1403
  1991	-52.8488
  1992	-52.6202
  1993	-52.4736
  1994	-52.4335
  1995	-52.5266
  1996	-52.7789
  1997	-53.2077
  1998	-53.8161
  1999	-54.5893
  2000	-55.495
  2001	-56.4873
